1768096790.685 33.801 0.03261205 4.79039e-08
1768096790.736 33.936 0.03260832 2.65133e-08
1768096790.785 34.071 0.03258598 3.02007e-08
1768096790.836 34.205 0.03262509 2.52480e-08
1768096790.887 34.338 0.03269958 -9.37360e-09
1768096790.937 34.471 0.03280107 -9.06480e-09
1768096790.996 34.603 0.03298078 6.47724e-08
1768096791.001 34.735 0.03300126 4.50831e-08
1768096791.049 34.867 0.03311858 5.05633e-08
1768096791.100 34.997 0.03325919 5.17271e-08
1768096791.149 35.128 0.03336534 5.17973e-08
1768096791.236 35.258 0.03361767 6.48040e-09
1768096791.243 35.387 0.03361953 3.39463e-08
1768096791.250 35.516 0.03361953 9.37716e-08
1768096791.260 35.645 0.03364654 7.82987e-08
1768096791.270 35.773 0.03366888 1.99516e-07
1768096791.280 35.900 0.03369589 3.57567e-07
1768096791.290 36.027 0.03372941 3.92848e-07
1768096791.300 36.154 0.03375455 6.90090e-07
1768096791.310 36.280 0.03377317 9.39757e-07
1768096791.320 36.406 0.03378807 1.24808e-06
1768096791.330 36.531 0.03378714 1.58882e-06
1768096791.340 36.656 0.03381973 2.35412e-06
1768096791.350 36.781 0.03384953 3.26724e-06
1768096791.360 36.905 0.03387746 3.20967e-06
1768096791.370 37.029 0.03391843 4.56445e-06
1768096791.380 37.152 0.03392402 5.19152e-06
1768096791.390 37.275 0.03396312 5.65196e-06
1768096791.400 37.397 0.03398361 5.91691e-06
1768096791.410 37.519 0.03403855 4.72275e-06
1768096791.420 37.641 0.03411676 4.25313e-06
1768096791.430 37.762 0.03417263 2.36967e-06
1768096791.440 37.883 0.03424805 5.58018e-07
1768096791.450 38.003 0.03431602 3.11917e-07
1768096791.460 38.124 0.03440821 6.27127e-08
1768096791.470 38.243 0.03450132 7.59243e-08
1768096791.518 38.363 0.03510749 6.07222e-08
1768096791.568 38.482 0.03578349 6.39638e-08
1768096791.575 38.600 0.03591664 1.71698e-08
1768096791.581 38.718 0.03604328 5.67824e-08
1768096791.590 38.836 0.03604328 -9.15760e-09
1768096791.600 38.954 0.03618853 6.79240e-08
1768096791.708 39.071 0.03709639 1.17377e-08
1768096791.714 39.188 0.03714947 5.15759e-08
1768096791.775 39.304 0.03725654 1.12497e-08
1768096791.782 39.421 0.03726586 4.86863e-08
1768096791.831 39.536 0.03729752 5.54345e-08
1768096791.883 39.652 0.03734687 4.87813e-08
1768096791.932 39.767 0.03745115 4.93189e-08
1768096791.982 39.882 0.03758803 5.09308e-08
1768096792.032 39.996 0.03776681 5.20917e-08
1768096792.082 40.110 0.03789530 5.19441e-08
1768096792.132 40.224 0.03801356 5.20261e-08
1768096792.182 40.338 0.03810109 5.26568e-08
1768096792.233 40.451 0.03819513 5.22331e-08
1768096792.310 40.564 0.03834690 3.22070e-08
1768096792.320 40.676 0.03834690 4.84017e-08
1768096792.368 40.788 0.03844002 4.65233e-08
1768096792.375 40.900 0.03844747 1.37840e-08
1768096792.381 41.012 0.03846516 4.33145e-08
1768096792.430 41.123 0.03857782 5.03921e-08
1768096792.440 41.234 0.03857782 -1.07658e-08
1768096792.450 41.345 0.03859738 6.70645e-08
1768096792.497 41.456 0.03872681 4.95724e-08
1768096792.548 41.566 0.03889534 4.71214e-08
1768096792.598 41.676 0.03913278 4.72401e-08
1768096792.648 41.785 0.03936836 4.61450e-08
1768096792.698 41.894 0.03958624 4.57274e-08
1768096792.748 42.003 0.03969426 4.62319e-08
1768096792.799 42.112 0.03976409 4.73353e-08
1768096792.870 42.220 0.03985255 -9.67670e-09
1768096792.920 42.329 0.03991773 -1.59249e-08
1768096792.929 42.436 0.03991773 6.89909e-08
1768096792.939 42.544 0.03996987 6.03360e-09
1768096792.949 42.651 0.03997267 6.51211e-08
1768096792.997 42.758 0.04006391 4.46718e-08
1768096793.065 42.865 0.04023245 4.85199e-08
1768096793.115 42.972 0.04040751 5.39041e-08
1768096793.165 43.078 0.04059652 4.94032e-08
1768096793.216 43.184 0.04075202 5.12839e-08
1768096793.265 43.290 0.04086283 5.08539e-08
1768096793.315 43.395 0.04093173 5.48005e-08
1768096793.365 43.500 0.04102112 5.52038e-08
1768096793.437 43.605 0.04111237 -1.48395e-08
1768096793.488 43.710 0.04120083 -1.07228e-08
1768096793.495 43.815 0.04122038 6.89348e-08
1768096793.501 43.919 0.04123156 4.16155e-08
1768096793.549 44.023 0.04133305 4.79317e-08
1768096793.600 44.126 0.04141592 4.79906e-08
1768096793.650 44.230 0.04157142 4.72352e-08
1768096793.700 44.333 0.04173065 4.74248e-08
1768096793.750 44.436 0.04187311 4.79321e-08
1768096793.817 44.539 0.04203047 4.77090e-08
1768096793.867 44.641 0.04213941 4.61517e-08
1768096793.918 44.744 0.04218597 2.91127e-08
1768096793.996 44.846 0.04229957 6.19220e-08
1768096794.003 44.948 0.04232005 -1.67502e-08
1768096794.053 45.049 0.04239920 -1.64401e-08
1768096794.103 45.151 0.04246997 -1.76383e-08
1768096794.153 45.252 0.04255377 -1.66611e-08
1768096794.203 45.353 0.04268413 -1.27887e-08
1768096794.254 45.453 0.04280145 -1.23326e-08
1768096794.304 45.554 0.04291970 -9.97270e-09
1768096794.354 45.654 0.04302306 -7.70780e-09
1768096794.404 45.754 0.04309941 -7.31640e-09
1768096794.454 45.854 0.04320184 -4.75410e-09
1768096794.461 45.954 0.04321953 7.11470e-08
1768096794.469 46.053 0.04321953 4.34233e-08
1768096794.534 46.152 0.04332475 5.00244e-08
1768096794.584 46.251 0.04343742 4.98008e-08
1768096794.636 46.350 0.04358081 -1.18567e-08
1768096794.686 46.448 0.04371489 -1.22199e-08
1768096794.736 46.547 0.04384711 -1.22879e-08
1768096794.786 46.645 0.04396444 -1.30275e-08
1768096794.836 46.743 0.04404917 -1.38170e-08
1768096794.887 46.840 0.04412645 -1.38619e-08
1768096794.937 46.938 0.04420560 -1.45654e-08
1768096794.987 47.035 0.04426706 -1.47331e-08
1768096795.037 47.132 0.04436669 -1.45794e-08
1768096795.087 47.229 0.04445701 5.35961e-08
1768096795.135 47.326 0.04456502 -5.08990e-09
1768096795.185 47.422 0.04464696 -8.43330e-09
1768096795.235 47.519 0.04474845 -1.23373e-08
1768096795.285 47.615 0.04484063 -1.25858e-08
1768096795.336 47.711 0.04490488 -1.46506e-08
1768096795.386 47.806 0.04500451 -1.64167e-08
1768096795.436 47.902 0.04510042 -1.61864e-08
1768096795.486 47.997 0.04521216 -1.54269e-08
1768096795.536 48.092 0.04528665 -1.52493e-08
1768096795.613 48.187 0.04542353 4.66055e-08
1768096795.662 48.282 0.04551384 6.38284e-08
1768096795.669 48.377 0.04550546 1.34019e-08
1768096795.717 48.471 0.04557716 5.04824e-08
1768096795.767 48.565 0.04565724 4.90158e-08
1768096795.817 48.659 0.04574104 4.92425e-08
1768096795.867 48.753 0.04585185 4.69895e-08
1768096795.917 48.847 0.04595334 4.70020e-08
1768096795.967 48.940 0.04608277 4.31019e-08
1768096796.017 49.034 0.04617681 4.21434e-08
1768096796.067 49.127 0.04626155 3.51363e-08
1768096796.074 49.220 0.04626527 1.54887e-08
1768096796.080 49.313 0.04629321 4.19766e-08
1768096796.151 49.405 0.04639004 2.72497e-08
1768096796.201 49.498 0.04648409 1.33784e-08
1768096796.254 49.590 0.04660607 -1.03757e-08
1768096796.304 49.682 0.04676994 -8.91580e-09
1768096796.310 49.774 0.04678205 6.95286e-08
1768096796.317 49.866 0.04678205 4.53287e-08
1768096796.366 49.957 0.04690216 5.07309e-08
1768096796.416 50.049 0.04699435 5.14072e-08
1768096796.484 50.140 0.04714240 4.80470e-08
1768096796.534 50.231 0.04727369 4.56958e-08
1768096796.584 50.322 0.04738542 4.58270e-08
1768096796.633 50.413 0.04747668 4.53771e-08
1768096796.711 50.504 0.04758376 9.39581e-08
1768096796.718 50.594 0.04760145 4.87380e-08
1768096796.727 50.684 0.04760145 6.10697e-08
1768096796.737 50.774 0.04761728 1.23820e-07
1768096796.747 50.864 0.04762752 1.87676e-07
1768096796.757 50.954 0.04765732 1.52781e-07
1768096796.767 51.044 0.04766290 2.82111e-07
1768096796.777 51.133 0.04767128 2.98927e-07
1768096796.787 51.223 0.04769642 3.89512e-07
1768096796.797 51.312 0.04770015 5.23848e-07
1768096796.807 51.401 0.04772529 5.37861e-07
1768096796.817 51.490 0.04773274 7.09080e-07
1768096796.827 51.578 0.04775229 8.03060e-07
1768096796.837 51.667 0.04776533 1.00509e-06
1768096796.847 51.755 0.04778116 1.16128e-06
1768096796.857 51.844 0.04781654 1.45998e-06
1768096796.867 51.932 0.04784354 2.00879e-06
1768096796.877 52.020 0.04787241 2.87974e-06
1768096796.887 52.107 0.04793014 3.42382e-06
1768096796.897 52.195 0.04795994 4.56979e-06
1768096796.907 52.283 0.04802232 6.90041e-06
1768096796.917 52.370 0.04805398 8.87502e-06
1768096796.927 52.457 0.04810333 1.09896e-05
1768096796.937 52.544 0.04817689 1.28771e-05
1768096796.947 52.631 0.04825138 1.52689e-05
1768096796.957 52.718 0.04837056 1.54761e-05
1768096796.967 52.805 0.04844040 1.24052e-05
1768096796.977 52.891 0.04851303 8.92042e-06
1768096796.987 52.978 0.04861639 3.68487e-06
1768096796.997 53.064 0.04870019 1.12266e-06
1768096797.007 53.150 0.04881099 6.42353e-07
1768096797.017 53.236 0.04893111 2.98963e-07
1768096797.027 53.322 0.04901957 1.35511e-07
1768096797.037 53.407 0.04912292 7.42778e-08
1768096797.047 53.493 0.04921417 9.35633e-08
1768096797.095 53.578 0.04974213 6.10960e-08
1768096797.102 53.663 0.04983617 -7.79750e-09
1768096797.150 53.749 0.05028591 4.70077e-08
1768096797.200 53.834 0.05064346 5.01904e-08
1768096797.271 53.918 0.05087811 1.24877e-08
1768096797.277 54.003 0.05091722 7.84696e-08
1768096797.287 54.088 0.05091722 5.38459e-08
1768096797.297 54.172 0.05090139 7.16200e-08
1768096797.344 54.257 0.05092932 1.17803e-07
1768096797.350 54.341 0.05093212 8.40434e-08
1768096797.357 54.425 0.05093212 8.32616e-08
1768096797.367 54.509 0.05093584 1.50955e-07
1768096797.377 54.593 0.05092373 1.20513e-07
1768096797.387 54.676 0.05092932 1.77712e-07
1768096797.397 54.760 0.05092560 1.99984e-07
1768096797.408 54.843 0.05097774 3.55101e-07
1768096797.417 54.926 0.05097774 4.17720e-07
1768096797.427 55.010 0.05097774 4.15409e-07
1768096797.437 55.093 0.05100009 6.59262e-07
1768096797.447 55.176 0.05100195 8.10729e-07
1768096797.457 55.258 0.05102616 9.20846e-07
1768096797.467 55.341 0.05106248 1.23288e-06
1768096797.477 55.424 0.05109227 1.69088e-06
1768096797.487 55.506 0.05114720 1.85954e-06
1768096797.497 55.588 0.05117142 3.59320e-06
1768096797.507 55.671 0.05121611 4.34333e-06
1768096797.517 55.753 0.05129526 6.78856e-06
1768096797.527 55.835 0.05133902 9.45755e-06
1768096797.537 55.916 0.05141258 1.40491e-05
1768096797.547 55.998 0.05147403 1.71961e-05
1768096797.557 56.080 0.05155504 2.28145e-05
1768096797.567 56.161 0.05162488 3.18352e-05
1768096797.577 56.242 0.05170310 2.41187e-05
1768096797.587 56.324 0.05179621 2.16388e-05
1768096797.597 56.405 0.05186884 1.41312e-05
1768096797.607 56.486 0.05198523 8.67751e-06
1768096797.617 56.567 0.05206903 1.38290e-06
1768096797.627 56.647 0.05216308 1.03312e-06
1768096797.637 56.728 0.05224687 1.49077e-06
1768096797.647 56.809 0.05233906 1.65660e-06
1768096797.657 56.889 0.05245359 1.55157e-06
1768096797.667 56.969 0.05252715 1.00105e-06
1768096797.701 57.049 0.05290985 4.77509e-08
1768096797.707 57.130 0.05297875 6.77378e-08
1768096797.717 57.210 0.05297875 1.07629e-07
1768096797.727 57.289 0.05308210 1.04747e-07
1768096797.737 57.369 0.05318174 1.56159e-07
1768096797.747 57.449 0.05324506 1.60130e-07
1768096797.757 57.528 0.05334189 6.92355e-08
1768096797.767 57.608 0.05342197 1.04466e-07
1768096797.777 57.687 0.05348529 1.24862e-07
1768096797.826 57.766 0.05380839 2.56603e-07
1768096797.835 57.845 0.05388847 8.52742e-08
1768096797.842 57.924 0.05394340 6.02131e-08
1768096797.847 58.003 0.05399275 8.50170e-08
1768096797.857 58.082 0.05399275 3.16879e-08
1768096797.867 58.161 0.05403931 1.05469e-07
1768096797.877 58.239 0.05408587 7.17645e-08
1768096797.887 58.318 0.05416408 1.11564e-07
1768096797.897 58.396 0.05418736 9.90063e-08
1768096797.907 58.474 0.05423671 2.68332e-08
1768096797.917 58.552 0.05428979 7.28337e-08
1768096797.927 58.630 0.05432237 2.39093e-08
1768096797.937 58.708 0.05439314 6.53135e-08
1768096797.947 58.786 0.05442852 6.11852e-08
1768096797.957 58.864 0.05446857 4.68480e-09
1768096797.967 58.941 0.05450953 7.01274e-08
1768096797.977 59.019 0.05454212 4.37591e-08
1768096797.987 59.096 0.05460172 9.26060e-08
1768096797.997 59.174 0.05463244 8.73335e-08
1768096798.006 59.251 0.05469018 5.07877e-08
1768096798.016 59.328 0.05473952 1.32669e-07
1768096798.026 59.405 0.05478142 1.14489e-07
1768096798.036 59.482 0.05486988 1.53150e-07
1768096798.046 59.559 0.05493134 1.32532e-07
1768096798.056 59.635 0.05499279 8.13527e-08
1768096798.066 59.712 0.05504028 1.30077e-07
1768096798.076 59.788 0.05510826 4.96827e-08
1768096798.086 59.865 0.05520974 7.04202e-08
1768096798.096 59.941 0.05527120 1.53401e-07
1768096798.106 60.017 0.05534942 1.38554e-06
1768096798.116 60.094 0.05543135 4.11370e-06
1768096798.126 60.170 0.05550678 6.22623e-06
1768096798.136 60.245 0.05560082 1.41817e-05
1768096798.146 60.321 0.05566787 3.39164e-05
1768096798.156 60.397 0.05576563 4.45631e-05
1768096798.166 60.473 0.05584012 9.47881e-05
1768096798.176 60.548 0.05592765 1.31730e-04
1768096798.186 60.624 0.05601611 1.29689e-04
1768096798.196 60.699 0.05609712 9.46565e-05
1768096798.206 60.774 0.05619023 5.96182e-05
1768096798.216 60.850 0.05627590 1.45027e-05
1768096798.226 60.925 0.05634573 4.67375e-06
1768096798.236 61.000 0.05642487 2.35468e-06
1768096798.246 61.075 0.05647795 1.15230e-06
1768096798.256 61.149 0.05657665 6.23205e-07
1768096798.266 61.224 0.05664742 4.70552e-07
1768096798.279 61.299 0.05681409 8.83390e-08
1768096798.290 61.373 0.05685599 1.00242e-07
1768096798.296 61.448 0.05685599 2.37211e-07
1768096798.306 61.522 0.05694072 4.61806e-07
1768096798.316 61.596 0.05701894 6.01447e-07
1768096798.326 61.670 0.05708039 1.07414e-06
1768096798.357 61.745 0.05734111 1.68089e-06
1768096798.386 61.819 0.05747706 3.31608e-06
1768096798.393 61.892 0.05752548 2.09479e-06
1768096798.400 61.966 0.05760555 1.16832e-06
1768096798.406 62.040 0.05760555 6.17389e-07
1768096798.416 62.114 0.05765211 3.97553e-07
1768096798.426 62.187 0.05770984 3.05771e-07
1768096798.436 62.261 0.05780016 3.98342e-07
1768096798.446 62.334 0.05784579 3.91363e-07
1768096798.459 62.407 0.05796870 3.32423e-07
1768096798.466 62.481 0.05796870 3.19733e-07
1768096798.476 62.554 0.05801805 2.03219e-07
1768096798.486 62.627 0.05808416 1.07154e-07
1768096798.496 62.700 0.05812234 1.43404e-07
1768096798.506 62.773 0.05817820 6.51260e-08
1768096798.516 62.845 0.05823407 1.64976e-07
1768096798.526 62.918 0.05828249 1.30503e-07
1768096798.536 62.991 0.05835512 1.24763e-07
1768096798.549 63.063 0.05843985 1.63056e-07
1768096798.557 63.136 0.05849479 1.73345e-07
1768096798.566 63.208 0.05849479 4.14288e-07
1768096798.576 63.280 0.05853297 3.86020e-07
1768096798.586 63.353 0.05861118 3.68865e-07
1768096798.596 63.425 0.05865681 5.03990e-07
1768096798.606 63.497 0.05872943 4.57304e-07
1768096798.616 63.569 0.05878344 2.33430e-07
1768096798.628 63.640 0.05891101 3.21429e-07
1768096798.636 63.712 0.05891101 1.64256e-07
1768096798.646 63.784 0.05896501 2.49480e-07
1768096798.656 63.856 0.05902926 2.62964e-07
1768096798.666 63.927 0.05910189 5.55193e-07
1768096798.676 63.999 0.05916334 8.02280e-07
1768096798.686 64.070 0.05921549 1.10789e-06
1768096798.696 64.141 0.05929742 1.29497e-06
1768096798.706 64.213 0.05937564 9.72082e-07
1768096798.716 64.284 0.05944455 1.01269e-06
1768096798.726 64.355 0.05950507 7.09798e-07
1768096798.736 64.426 0.05959260 2.85382e-07
1768096798.746 64.497 0.05965498 1.43103e-07
1768096798.756 64.568 0.05973319 7.72278e-08
1768096798.766 64.638 0.05981793 1.62132e-07
1768096798.777 64.709 0.05996225 3.96771e-07
1768096798.788 64.780 0.06003768 5.05727e-07
1768096798.796 64.850 0.06003768 4.98167e-07
1768096798.806 64.921 0.06013731 2.63075e-07
1768096798.816 64.991 0.06019132 3.52837e-07
1768096798.826 65.061 0.06024253 2.79937e-07
1768096798.836 65.132 0.06034030 6.17153e-07
1768096798.846 65.202 0.06039802 7.20809e-07
1768096798.856 65.272 0.06046879 1.05067e-06
1768096798.866 65.342 0.06052932 5.01002e-07
1768096798.876 65.412 0.06060101 5.58706e-07
1768096798.886 65.482 0.06067644 1.17192e-06
1768096798.951 65.551 0.06115224 5.41905e-05
1768096798.958 65.621 0.06119322 7.26641e-05
1768096798.967 65.691 0.06124536 8.69487e-05
1768096798.976 65.760 0.06124536 9.71033e-05
1768096798.986 65.830 0.06131799 8.80589e-05
1768096798.996 65.899 0.06135244 8.28186e-05
1768096799.006 65.968 0.06141576 6.09967e-05
1768096799.016 66.038 0.06148652 3.76243e-05
1768096799.026 66.107 0.06154612 8.73171e-06
1768096799.036 66.176 0.06161036 4.66734e-06
1768096799.046 66.245 0.06165320 2.49920e-06
1768096799.056 66.314 0.06170441 1.37934e-06
1768096799.066 66.383 0.06172583 8.78007e-07
1768096799.076 66.452 0.06177331 7.73902e-07
1768096799.086 66.521 0.06183011 5.09890e-07
1768096799.096 66.589 0.06184781 4.80877e-07
1768096799.106 66.658 0.06190088 2.24788e-07
1768096799.116 66.726 0.06195302 2.70093e-07
1768096799.127 66.795 0.06202379 3.31058e-07
1768096799.137 66.863 0.06203775 4.24303e-07
1768096799.146 66.932 0.06203775 4.64520e-07
1768096799.156 67.000 0.06208897 2.90904e-07
1768096799.166 67.068 0.06214018 6.73227e-07
1768096799.176 67.136 0.06217743 8.02169e-07
1768096799.186 67.204 0.06222957 1.07068e-06
1768096799.196 67.272 0.06226774 1.39699e-06
1768096799.206 67.340 0.06232548 1.02434e-06
1768096799.216 67.408 0.06237855 2.36751e-06
1768096799.226 67.476 0.06243349 1.81526e-06
1768096799.236 67.544 0.06250984 1.81648e-06
1768096799.246 67.611 0.06254522 1.16195e-06
1768096799.256 67.679 0.06262716 1.00347e-06
1768096799.266 67.746 0.06268303 8.45888e-07
1768096799.276 67.814 0.06275007 8.58220e-07
1768096799.286 67.881 0.06282829 5.76814e-07
1768096799.296 67.949 0.06288322 6.09492e-07
1768096799.306 68.016 0.06296796 5.08944e-07
1768096799.316 68.083 0.06303220 5.13048e-07
1768096799.326 68.150 0.06310390 3.66781e-07
1768096799.336 68.217 0.06319143 2.39778e-07
1768096799.346 68.284 0.06325940 1.78502e-07
1768096799.356 68.351 0.06334600 7.19740e-08
1768096799.366 68.418 0.06341118 1.36045e-07
1768096799.376 68.485 0.06349311 9.32180e-08
1768096799.386 68.551 0.06358064 2.07078e-07
1768096799.396 68.618 0.06362906 3.68784e-07
1768096799.406 68.685 0.06371194 4.24091e-07
1768096799.416 68.751 0.06379015 7.75830e-07
1768096799.426 68.818 0.06384881 1.22489e-06
1768096799.436 68.884 0.06391771 2.03020e-06
1768096799.446 68.950 0.06396986 3.62560e-06
1768096799.456 69.017 0.06405552 4.47444e-06
1768096799.501 69.083 0.06436559 3.68350e-06
1768096799.508 69.149 0.06441773 1.13337e-06
1768096799.516 69.215 0.06441773 1.20757e-06
1768096799.526 69.281 0.06446801 7.88879e-07
1768096799.536 69.347 0.06452668 1.03157e-06
1768096799.546 69.413 0.06456671 1.24487e-06
1768096799.557 69.479 0.06470639 1.93614e-06
1768096799.566 69.545 0.06470639 2.05373e-06
1768096799.576 69.610 0.06475015 1.99882e-06
1768096799.587 69.676 0.06483861 8.27810e-07
1768096799.596 69.741 0.06483861 6.62845e-07
1768096799.606 69.807 0.06491776 1.03168e-06
1768096799.616 69.872 0.06495965 6.24492e-07
1768096799.626 69.938 0.06499597 4.12417e-07
1768096799.636 70.003 0.06505184 4.94793e-07
1768096799.646 70.068 0.06509281 5.91205e-07
1768096799.656 70.134 0.06515146 5.56667e-07
1768096799.666 70.199 0.06519709 5.58488e-07
1768096799.676 70.264 0.06523154 6.36757e-07
1768096799.686 70.329 0.06528648 4.22819e-07
1768096799.696 70.394 0.06531628 1.62354e-07
1768096799.706 70.459 0.06537122 5.01205e-07
1768096799.716 70.524 0.06542429 2.56623e-07
1768096799.726 70.588 0.06545688 2.65785e-07
1768096799.736 70.653 0.06551740 5.77170e-08
1768096799.746 70.718 0.06557792 1.67801e-07
1768096799.756 70.783 0.06563845 6.13385e-08
1768096799.766 70.847 0.06566825 1.37073e-07
1768096799.776 70.912 0.06571760 1.22931e-07
1768096799.786 70.976 0.06578929 1.35993e-07
1768096799.795 71.040 0.06582747 9.13244e-08
1768096799.805 71.105 0.06590568 6.17988e-08
1768096799.815 71.169 0.06596714 1.24473e-07
1768096799.825 71.233 0.06603419 7.09059e-08
1768096799.835 71.297 0.06610588 3.61410e-08
1768096799.845 71.361 0.06616361 1.23623e-07
1768096799.855 71.425 0.06623996 6.89159e-08
1768096799.865 71.489 0.06630607 1.57609e-07
1768096799.875 71.553 0.06636753 7.29150e-08
1768096799.887 71.617 0.06649975 1.91953e-07
1768096799.899 71.681 0.06658635 2.16578e-07
1768096799.905 71.745 0.06658635 2.68873e-07
1768096799.915 71.808 0.06664780 1.72061e-07
1768096799.926 71.872 0.06677723 2.96578e-07
1768096799.935 71.936 0.06677723 4.19124e-07
1768096799.945 71.999 0.06682286 8.82457e-07
1768096799.955 72.063 0.06690480 5.60883e-07
1768096799.965 72.126 0.06697370 1.67123e-06
1768096799.975 72.189 0.06701466 2.93012e-06
1768096799.985 72.253 0.06709102 3.08582e-06
1768096799.995 72.316 0.06716365 3.33852e-06
1768096800.005 72.379 0.06723256 1.14790e-06
1768096800.040 72.442 0.06745323 1.28392e-06
1768096800.068 72.505 0.06763294 2.23747e-07
1768096800.075 72.568 0.06763294 1.62506e-07
1768096800.085 72.631 0.06767856 5.06718e-07
1768096800.095 72.694 0.06774561 9.87600e-07
1768096800.105 72.757 0.06779682 1.74260e-06
1768096800.115 72.820 0.06784710 3.56866e-06
1768096800.133 72.883 0.06797373 8.34821e-06
1768096800.139 72.945 0.06800819 1.04090e-05
1768096800.145 73.008 0.06800819 1.30562e-05
1768096800.155 73.071 0.06806778 1.70801e-05
1768096800.165 73.133 0.06809944 2.65817e-05
1768096800.175 73.196 0.06814227 3.54312e-05
1768096800.185 73.258 0.06819255 5.12758e-05
1768096800.195 73.321 0.06821955 7.40997e-05
1768096800.205 73.383 0.06827170 1.02666e-04
1768096800.215 73.445 0.06831081 1.26515e-04
1768096800.225 73.507 0.06835736 1.47969e-04
1768096800.235 73.569 0.06841230 1.56980e-04
1768096800.245 73.632 0.06843651 1.52390e-04
1768096800.255 73.694 0.06848958 1.49938e-04
1768096800.265 73.756 0.06851752 1.38723e-04
1768096800.275 73.818 0.06855849 1.25597e-04
1768096800.285 73.880 0.06859667 1.03741e-04
1768096800.295 73.941 0.06863018 7.73494e-05
1768096800.305 74.003 0.06868326 5.16311e-05
1768096800.315 74.065 0.06871771 2.90439e-05
1768096800.325 74.127 0.06876427 1.51342e-05
1768096800.335 74.188 0.06883410 8.80432e-06
1768096800.345 74.250 0.06888066 6.94609e-06
1768096800.355 74.311 0.06896260 4.84050e-06
1768096800.365 74.373 0.06901568 3.52364e-06
1768096800.375 74.434 0.06906596 2.59780e-06
1768096800.385 74.496 0.06913021 1.71135e-06
1768096800.395 74.557 0.06917769 1.51476e-06
1768096800.405 74.618 0.06927267 1.01913e-06
1768096800.415 74.680 0.06932109 1.30756e-06
1768096800.425 74.741 0.06937975 7.11492e-07
1768096800.435 74.802 0.06945424 1.27271e-06
1768096800.445 74.863 0.06951104 1.63520e-06
1768096800.455 74.924 0.06957063 1.46755e-06
1768096800.465 74.985 0.06962836 1.79932e-06
1768096800.476 75.046 0.06978479 2.26267e-06
1768096800.485 75.107 0.06978479 2.24829e-06
1768096800.495 75.168 0.06982949 1.47489e-06
1768096800.505 75.229 0.06990305 1.69532e-06
1768096800.515 75.289 0.06998871 1.54748e-06
1768096800.525 75.350 0.07003341 1.63962e-06
1768096800.535 75.411 0.07007251 1.26538e-06
1768096800.545 75.471 0.07012652 5.97278e-07
1768096800.555 75.532 0.07022429 3.57517e-07
1768096800.565 75.592 0.07029226 3.47473e-07
1768096800.615 75.653 0.07056136 3.17653e-07
1768096800.620 75.713 0.07060885 5.56248e-07
1768096800.626 75.774 0.07068334 8.55884e-07
1768096800.635 75.834 0.07068334 8.88474e-07
1768096800.645 75.894 0.07071965 1.86708e-06
1768096800.656 75.954 0.07082487 2.59010e-06
1768096800.669 76.014 0.07089005 1.06482e-06
1768096800.675 76.075 0.07089005 9.55523e-07
1768096800.685 76.135 0.07094778 1.67192e-06
1768096800.695 76.195 0.07097385 5.97996e-07
1768096800.705 76.255 0.07102972 7.23590e-07
1768096800.716 76.315 0.07113308 2.71204e-07
1768096800.725 76.374 0.07113308 3.14512e-07
1768096800.735 76.434 0.07118801 1.43134e-07
1768096800.745 76.494 0.07120477 2.57763e-07
1768096800.757 76.554 0.07128578 1.57259e-07
1768096800.765 76.614 0.07128578 2.24132e-07
1768096800.775 76.673 0.07133048 2.79264e-07
1768096800.785 76.733 0.07135096 3.83893e-07
1768096800.795 76.792 0.07139472 3.29910e-07
1768096800.805 76.852 0.07146270 3.97286e-07
1768096800.815 76.911 0.07150087 4.91315e-07
1768096800.825 76.971 0.07153253 2.72849e-07
1768096800.835 77.030 0.07157630 7.02275e-07
1768096800.845 77.089 0.07161819 2.94838e-07
1768096800.855 77.149 0.07166941 6.64836e-07
1768096800.865 77.208 0.07171410 1.61627e-06
1768096800.876 77.267 0.07182677 1.19207e-06
1768096800.885 77.326 0.07182677 8.97697e-07
1768096800.895 77.385 0.07185656 1.68246e-06
1768096800.905 77.444 0.07193571 2.04803e-06
1768096800.915 77.503 0.07198413 2.74308e-06
1768096800.926 77.562 0.07210518 2.16470e-06
1768096800.935 77.621 0.07215080 1.42117e-06
1768096800.949 77.680 0.07223740 1.12674e-06
1768096800.955 77.739 0.07223740 1.95942e-06
1768096800.965 77.798 0.07229885 1.63245e-06
1768096800.975 77.857 0.07234914 7.22640e-07
1768096800.985 77.915 0.07242177 6.83375e-07
1768096800.995 77.974 0.07247205 5.84263e-07
1768096801.005 78.033 0.07254654 6.91293e-07
1768096801.015 78.091 0.07260147 6.91780e-07
1768096801.025 78.150 0.07266852 8.68364e-07
1768096801.035 78.208 0.07272717 8.14252e-07
1768096801.045 78.267 0.07277746 7.80198e-07
1768096801.055 78.325 0.07286406 1.15537e-06
1768096801.065 78.383 0.07290595 6.34487e-07
1768096801.075 78.442 0.07297392 1.29131e-06
1768096801.085 78.500 0.07303445 1.60481e-06
1768096801.095 78.558 0.07308100 1.20349e-06
1768096801.105 78.616 0.07314246 2.82650e-06
1768096801.115 78.674 0.07318250 3.84052e-06
1768096801.147 78.732 0.07342739 4.66235e-06
1768096801.175 78.790 0.07352237 2.40886e-06
1768096801.181 78.848 0.07358010 2.83937e-06
1768096801.186 78.906 0.07361641 2.86065e-06
1768096801.196 78.964 0.07368997 2.10707e-06
1768096801.205 79.022 0.07368997 2.33002e-06
1768096801.215 79.080 0.07372442 3.07254e-06
1768096801.225 79.138 0.07377657 3.94588e-06
1768096801.235 79.196 0.07382591 5.28493e-06
1768096801.245 79.253 0.07386037 5.61294e-06
1768096801.255 79.311 0.07391065 6.18196e-06
1768096801.265 79.369 0.07396466 6.40143e-06
1768096801.275 79.426 0.07401773 5.89398e-06
1768096801.285 79.484 0.07406708 5.62764e-06
1768096801.295 79.541 0.07408850 4.91612e-06
1768096801.305 79.599 0.07414622 4.19107e-06
1768096801.315 79.656 0.07417323 3.25067e-06
1768096801.325 79.713 0.07422537 2.17776e-06
1768096801.335 79.771 0.07425424 1.50130e-06
1768096801.345 79.828 0.07428776 1.17129e-06
1768096801.355 79.885 0.07435107 1.43115e-06
1768096801.365 79.943 0.07438366 9.72263e-07
1768096801.375 80.000 0.07447398 1.39640e-06
1768096801.385 80.057 0.07447398 2.47863e-06
1768096801.395 80.114 0.07450285 2.92803e-06
1768096801.405 80.171 0.07454568 2.61263e-06
1768096801.415 80.228 0.07459503 2.74963e-06
1768096801.425 80.285 0.07464438 1.94186e-06
1768096801.435 80.342 0.07470956 3.00268e-06
1768096801.445 80.399 0.07474960 2.17419e-06
1768096801.455 80.456 0.07481012 3.04944e-06
1768096801.465 80.512 0.07484644 1.25987e-06
1768096801.475 80.569 0.07490789 2.09002e-06
1768096801.485 80.626 0.07496842 7.00277e-07
1768096801.495 80.683 0.07501311 9.57567e-07
1768096801.505 80.739 0.07509412 2.90556e-07
1768096801.515 80.796 0.07513416 1.45449e-07
1768096801.525 80.852 0.07519189 1.96333e-07
1768096801.535 80.909 0.07525707 1.66003e-07
1768096801.545 80.965 0.07530735 2.06005e-07
1768096801.555 81.022 0.07537998 1.96465e-07
1768096801.564 81.078 0.07541816 2.37337e-07
1768096801.574 81.135 0.07548706 2.61723e-07
1768096801.584 81.191 0.07555317 1.68371e-07
1768096801.594 81.247 0.07559879 2.40240e-07
1768096801.604 81.303 0.07567515 1.66659e-07
1768096801.614 81.360 0.07571612 3.54943e-07
1768096801.624 81.416 0.07577478 3.31273e-07
1768096801.634 81.472 0.07584555 3.84346e-07
1768096801.644 81.528 0.07589210 5.46440e-07
1768096801.654 81.584 0.07596380 9.48912e-07
1768096801.664 81.640 0.07600011 1.75694e-06
1768096801.701 81.696 0.07623569 9.30800e-07
1768096801.717 81.752 0.07632508 1.33092e-06
1768096801.725 81.808 0.07632508 2.18886e-06
1768096801.734 81.864 0.07637070 1.57134e-06
1768096801.744 81.920 0.07640795 1.65625e-06
1768096801.754 81.975 0.07646661 1.06827e-06
1768096801.764 82.031 0.07651503 7.14255e-07
1768096801.774 82.087 0.07657742 5.33208e-07
1768096801.784 82.143 0.07663142 3.14145e-07
1768096801.794 82.198 0.07666401 2.75195e-07
1768096801.804 82.254 0.07672081 2.20532e-07
1768096801.814 82.309 0.07676271 2.78641e-07
1768096801.824 82.365 0.07680368 1.20366e-07
1768096801.834 82.420 0.07685862 1.40275e-07
1768096801.844 82.476 0.07688842 7.51406e-08
1768096801.854 82.531 0.07694522 4.73452e-08
1768096801.864 82.587 0.07696105 1.11816e-07
1768096801.874 82.642 0.07698991 1.36847e-07
1768096801.884 82.697 0.07704484 1.40574e-07
1768096801.894 82.752 0.07707744 1.75198e-07
1768096801.904 82.808 0.07713330 1.43675e-07
1768096801.914 82.863 0.07717428 2.69928e-07
1768096801.964 82.918 0.07737074 3.02380e-07
1768096801.974 82.973 0.07740799 3.27410e-07
1768096801.984 83.028 0.07745920 3.69950e-07
1768096801.994 83.083 0.07750297 4.41634e-07
1768096802.004 83.138 0.07756535 7.01314e-07
1768096802.014 83.193 0.07759980 1.05620e-06
1768096802.024 83.248 0.07766405 1.14240e-06
1768096802.034 83.303 0.07770689 5.11698e-07
1768096802.044 83.358 0.07774972 6.06464e-07
1768096802.054 83.413 0.07781489 1.21174e-06
1768096802.066 83.468 0.07790056 4.00245e-07
1768096802.074 83.522 0.07790056 9.49435e-07
1768096802.084 83.577 0.07794805 6.39039e-07
1768096802.094 83.632 0.07797226 7.06418e-07
1768096802.104 83.686 0.07804675 7.85219e-07
1768096802.114 83.741 0.07809051 8.81860e-07
1768096802.124 83.796 0.07813241 1.20217e-06
1768096802.134 83.850 0.07818083 1.59437e-06
1768096802.144 83.905 0.07819200 2.63623e-06
1768096802.154 83.959 0.07823949 2.74873e-06
1768096802.164 84.014 0.07827395 4.26667e-06
1768096802.174 84.068 0.07831584 4.85213e-06
1768096802.184 84.122 0.07836519 6.94363e-06
1768096802.194 84.177 0.07839220 8.26252e-06
1768096802.204 84.231 0.07844155 1.01679e-05
1768096802.214 84.285 0.07848251 1.35254e-05
1768096802.266 84.339 0.07876279 6.33293e-05
1768096802.274 84.394 0.07876279 6.94144e-05
1768096802.284 84.448 0.07880283 8.49143e-05
1768096802.294 84.502 0.07884194 9.93872e-05
1768096802.304 84.556 0.07891364 1.26146e-04
1768096802.314 84.610 0.07895367 1.27797e-04
1768096802.324 84.664 0.07900674 1.31187e-04
1768096802.334 84.718 0.07907006 1.24538e-04
1768096802.344 84.772 0.07910731 1.33408e-04
1768096802.354 84.826 0.07917528 1.17247e-04
1768096802.364 84.880 0.07921439 1.00842e-04
1768096802.374 84.934 0.07925443 6.16074e-05
1768096802.384 84.987 0.07929819 5.35762e-05
1768096802.394 85.041 0.07934288 3.59815e-05
1768096802.404 85.095 0.07940807 1.94590e-05
1768096802.414 85.149 0.07944065 1.22807e-05
1768096802.424 85.202 0.07946859 8.87292e-06
1768096802.434 85.256 0.07951701 7.40816e-06
1768096802.444 85.309 0.07954867 5.47648e-06
1768096802.454 85.363 0.07959056 5.15957e-06
1768096802.464 85.417 0.07962316 4.50896e-06
1768096802.474 85.470 0.07966599 3.56653e-06
1768096802.484 85.524 0.07970044 3.41605e-06
1768096802.494 85.577 0.07972000 2.57417e-06
1768096802.504 85.630 0.07977307 2.30171e-06
1768096802.514 85.684 0.07980286 2.14519e-06
1768096802.524 85.737 0.07985967 1.66819e-06
1768096802.535 85.790 0.07992485 1.54937e-06
1768096802.544 85.844 0.07992485 1.47449e-06
1768096802.554 85.897 0.07999654 1.11618e-06
1768096802.564 85.950 0.08002355 1.19018e-06
1768096802.574 86.003 0.08006731 8.86225e-07
1768096802.584 86.056 0.08013808 8.69132e-07
1768096802.594 86.110 0.08016322 8.29377e-07
1768096802.604 86.163 0.08022001 7.09188e-07
1768096802.614 86.216 0.08026099 5.98801e-07
1768096802.624 86.269 0.08031499 4.78537e-07
1768096802.634 86.322 0.08038948 4.69911e-07
1768096802.644 86.375 0.08041555 3.94413e-07
1768096802.654 86.428 0.08047794 3.46341e-07
1768096802.664 86.480 0.08053474 3.80564e-07
1768096802.674 86.533 0.08059992 3.34441e-07
1768096802.684 86.586 0.08065299 2.55468e-07
1768096802.694 86.639 0.08070886 2.15460e-07
1768096802.704 86.692 0.08078987 1.90634e-07
1768096802.714 86.744 0.08082711 2.18179e-07
1768096802.724 86.797 0.08087926 1.81545e-07
1768096802.734 86.850 0.08097609 1.30894e-07
1768096802.746 86.902 0.08104872 1.70927e-07
1768096802.754 86.955 0.08104872 9.03050e-08
1768096802.764 87.007 0.08108783 2.47524e-07
1768096802.825 87.060 0.08145283 2.68498e-07
1768096802.834 87.112 0.08145283 2.11514e-07
1768096802.846 87.165 0.08154595 1.39165e-07
1768096802.896 87.217 0.08178246 9.55700e-08
1768096802.905 87.270 0.08180946 4.99403e-08
1768096802.914 87.322 0.08180946 9.70496e-08
1768096802.924 87.374 0.08184950 4.73454e-08
1768096802.934 87.427 0.08189605 1.04600e-07
1768096802.944 87.479 0.08191282 3.88499e-08
1768096802.954 87.531 0.08195379 7.02422e-08
1768096802.964 87.584 0.08196775 9.89916e-08
1768096802.974 87.636 0.08199103 5.24963e-08
1768096802.984 87.688 0.08201711 7.84844e-08
1768096802.994 87.740 0.08202455 3.95577e-08
1768096803.004 87.792 0.08208414 5.32630e-08
1768096803.014 87.844 0.08206925 9.20876e-08
1768096803.024 87.896 0.08208414 2.72465e-08
1768096803.034 87.948 0.08212698 7.59913e-08
1768096803.044 88.000 0.08217353 8.98413e-08
1768096803.054 88.052 0.08217353 4.06549e-08
1768096803.064 88.104 0.08218284 8.35422e-08
1768096803.074 88.156 0.08219960 3.69330e-08
1768096803.084 88.208 0.08221543 6.92128e-08
1768096803.094 88.259 0.08223405 2.77465e-08
1768096803.104 88.311 0.08228061 5.27739e-08
1768096803.114 88.363 0.08231227 8.80532e-08
1768096803.162 88.415 0.08253202 6.70114e-08
1768096803.168 88.466 0.08258230 1.93845e-08
1768096803.174 88.518 0.08258230 4.55894e-08
1768096803.184 88.570 0.08261489 8.33761e-08
1768096803.194 88.621 0.08266983 4.95068e-08
1768096803.204 88.673 0.08272756 5.59753e-08
1768096803.214 88.724 0.08276853 1.15955e-07
1768096803.224 88.776 0.08283185 4.47656e-08
1768096803.234 88.827 0.08289144 1.13663e-07
1768096803.244 88.879 0.08293986 1.17608e-07
1768096803.254 88.930 0.08300597 1.43638e-07
1768096803.264 88.982 0.08303949 1.90532e-07
1768096803.274 89.033 0.08310933 1.51958e-07
1768096803.284 89.084 0.08315774 2.06641e-07
1768096803.294 89.136 0.08319033 1.55154e-07
1768096803.304 89.187 0.08324900 1.52046e-07
1768096803.314 89.238 0.08327227 2.78693e-07
1768096803.323 89.289 0.08332441 2.51389e-07
1768096803.354 89.341 0.08348923 2.66087e-07
1768096803.364 89.392 0.08353392 5.24617e-07
1768096803.373 89.443 0.08353392 5.47468e-07
1768096803.383 89.494 0.08357210 7.34078e-07
1768096803.393 89.545 0.08359817 7.41055e-07
1768096803.403 89.596 0.08364193 8.86868e-07
1768096803.413 89.647 0.08368849 9.75894e-07
1768096803.423 89.698 0.08373132 9.67972e-07
1768096803.433 89.749 0.08376577 9.57407e-07
1768096803.443 89.800 0.08379557 1.00435e-06
1768096803.453 89.851 0.08383281 9.33597e-07
1768096803.463 89.902 0.08386540 8.84044e-07
1768096803.473 89.953 0.08391662 7.27080e-07
1768096803.483 90.003 0.08398179 7.33991e-07
1768096803.493 90.054 0.08400042 5.27007e-07
1768096803.503 90.105 0.08403487 4.32671e-07
1768096803.513 90.156 0.08407025 4.11674e-07
1768096803.523 90.206 0.08412892 2.47645e-07
1768096803.533 90.257 0.08418571 1.88117e-07
1768096803.543 90.308 0.08422203 1.63278e-07
1768096803.553 90.358 0.08426579 1.37436e-07
1768096803.563 90.409 0.08429652 1.44560e-07
1768096803.573 90.459 0.08432818 6.22713e-08
1768096803.583 90.510 0.08437660 9.06887e-08
1768096803.593 90.560 0.08443154 5.38030e-08
1768096803.603 90.611 0.08447716 8.55379e-08
1768096803.613 90.661 0.08450230 1.09600e-07
1768096803.623 90.712 0.08455724 3.94021e-08
1768096803.633 90.762 0.08461311 8.59269e-08
1768096803.643 90.812 0.08466804 4.11709e-08
1768096803.653 90.863 0.08473601 8.59646e-08
1768096803.663 90.913 0.08476022 1.21586e-07
1768096803.673 90.963 0.08481609 3.73587e-08
1768096803.683 91.014 0.08485799 1.14717e-07
1768096803.693 91.064 0.08490176 7.46988e-08
1768096803.703 91.114 0.08497625 1.43667e-07
1768096803.713 91.164 0.08500511 1.64940e-07
1768096803.749 91.214 0.08522766 1.77305e-07
1768096803.755 91.264 0.08526024 1.06169e-07
1768096803.763 91.314 0.08526024 1.92902e-07
1768096803.773 91.365 0.08531145 1.43020e-07
1768096803.783 91.415 0.08536360 1.59356e-07
1768096803.793 91.465 0.08541481 1.46326e-07
1768096803.803 91.515 0.08548279 1.55921e-07
1768096803.813 91.564 0.08550606 1.83076e-07
1768096803.823 91.614 0.08555821 1.01782e-07
1768096803.833 91.664 0.08560942 1.18022e-07
1768096803.843 91.714 0.08564759 5.62326e-08
1768096803.853 91.764 0.08572022 1.21742e-07
1768096803.863 91.814 0.08573233 1.28419e-07
1768096803.913 91.864 0.08592321 6.51936e-08
1768096803.961 91.913 0.08612341 8.18522e-08
1768096803.967 91.963 0.08616251 2.39680e-09
1768096804.015 92.013 0.08632639 5.98884e-08
1768096804.083 92.062 0.08650610 4.60799e-08
1768096804.093 92.112 0.08651820 2.68316e-08
1768096804.104 92.162 0.08655173 3.46199e-08
1768096804.113 92.211 0.08654894 7.86697e-08
1768096804.161 92.261 0.08663087 7.60531e-08
1768096804.168 92.310 0.08662995 3.25550e-09
1768096804.175 92.360 0.08663926 5.35520e-08
1768096804.183 92.409 0.08663926 6.65462e-08
1768096804.193 92.459 0.08664484 2.49355e-08
1768096804.203 92.508 0.08666160 6.70031e-08
1768096804.213 92.558 0.08664298 7.38240e-08
1768096804.261 92.607 0.08672212 8.65771e-08
1768096804.268 92.656 0.08673981 1.80044e-08
1768096804.274 92.706 0.08675844 4.08641e-08
1768096804.283 92.755 0.08675844 6.93901e-08
1768096804.293 92.804 0.08675844 3.68576e-08
1768096804.303 92.854 0.08680220 7.42583e-08
1768096804.313 92.903 0.08680593 9.48380e-08
1768096804.323 92.952 0.08685621 2.01013e-08
1768096804.333 93.001 0.08687856 8.82695e-08
1768096804.343 93.050 0.08691766 4.78091e-08
1768096804.353 93.099 0.08695770 8.94766e-08
1768096804.363 93.148 0.08698191 1.02941e-07
1768096804.373 93.198 0.08702102 4.40725e-08
1768096804.383 93.247 0.08705919 1.07104e-07
1768096804.393 93.296 0.08709086 6.30707e-08
1768096804.403 93.345 0.08715417 1.07969e-07
1768096804.413 93.394 0.08716907 1.35396e-07
1768096804.442 93.443 0.08729198 3.48481e-08
1768096804.466 93.491 0.08741302 9.10367e-08
1768096804.473 93.540 0.08741302 7.05171e-08
1768096804.483 93.589 0.08747355 1.06968e-07
1768096804.512 93.638 0.08757411 6.60572e-08
1768096804.561 93.687 0.08780876 6.35771e-08
1768096804.567 93.736 0.08786184 1.26065e-08
1768096804.573 93.784 0.08786184 2.54503e-08
1768096804.583 93.833 0.08790467 6.42556e-08
1768096804.593 93.882 0.08793539 2.14209e-08
1768096804.603 93.930 0.08798754 6.62475e-08
1768096804.613 93.979 0.08800895 7.28081e-08
1768096804.623 94.028 0.08804433 1.57040e-08
1768096804.633 94.076 0.08806854 7.95874e-08
1768096804.643 94.125 0.08809183 3.38859e-08
1768096804.653 94.174 0.08813000 8.26157e-08
1768096804.663 94.222 0.08813838 8.32211e-08
1768096804.673 94.271 0.08815048 3.99336e-08
1768096804.683 94.319 0.08818121 9.52520e-08
1768096804.693 94.367 0.08819984 5.57988e-08
1768096804.703 94.416 0.08825198 1.02893e-07
1768096804.713 94.464 0.08824267 9.75942e-08
1768096804.723 94.513 0.08827432 5.98553e-08
1768096804.733 94.561 0.08829015 1.04731e-07
1768096804.743 94.609 0.08830971 7.62832e-08
1768096804.753 94.658 0.08835533 1.17460e-07
1768096804.763 94.706 0.08836930 1.23357e-07
1768096804.773 94.754 0.08840841 9.69667e-08
1768096804.783 94.803 0.08845310 1.57126e-07
1768096804.793 94.851 0.08847266 1.25449e-07
1768096804.803 94.899 0.08852294 1.52486e-07
1768096804.813 94.947 0.08854715 1.51037e-07
1768096804.823 94.995 0.08858812 1.16861e-07
1768096804.833 95.043 0.08863002 2.67051e-07
1768096804.843 95.091 0.08868030 2.03398e-07
1768096804.853 95.139 0.08873152 2.38944e-07
1768096804.863 95.188 0.08876317 1.94631e-07
1768096804.874 95.236 0.08887305 1.50023e-07
1768096804.883 95.284 0.08887305 1.42628e-07
1768096804.893 95.331 0.08892705 1.71169e-07
1768096804.903 95.379 0.08899968 1.78551e-07
1768096804.913 95.427 0.08903134 1.38430e-07
1768096804.923 95.475 0.08908907 7.74008e-08
1768096804.933 95.523 0.08914121 1.43175e-07
1768096804.943 95.571 0.08918032 1.16127e-07
1768096804.953 95.619 0.08926598 9.09975e-08
1768096804.963 95.667 0.08928926 8.56171e-08
1768096805.011 95.714 0.08956860 1.38248e-07
1768096805.019 95.762 0.08961329 1.21838e-07
1768096805.043 95.810 0.08974366 3.09707e-07
1768096805.053 95.858 0.08974366 2.77872e-07
1768096805.063 95.905 0.08978090 4.16433e-07
1768096805.072 95.953 0.08983584 4.68937e-07
1768096805.083 96.001 0.08988519 6.39986e-07
1768096805.092 96.048 0.08991964 7.89754e-07
1768096805.102 96.096 0.08995130 1.04652e-06
1768096805.112 96.143 0.08997551 1.36291e-06
1768096805.122 96.191 0.09001834 1.67923e-06
1768096805.132 96.238 0.09005931 2.39627e-06
1768096805.142 96.286 0.09008725 2.74756e-06
1768096805.152 96.333 0.09012542 3.45191e-06
1768096805.162 96.381 0.09014125 4.13203e-06
1768096805.172 96.428 0.09016546 4.44627e-06
1768096805.182 96.476 0.09020177 5.72086e-06
1768096805.192 96.523 0.09020829 6.22968e-06
1768096805.202 96.570 0.09024181 7.06597e-06
1768096805.212 96.618 0.09026416 7.10385e-06
1768096805.222 96.665 0.09030141 7.69785e-06
1768096805.232 96.712 0.09032468 8.76699e-06
1768096805.242 96.759 0.09034144 8.36389e-06
1768096805.252 96.807 0.09037124 8.38577e-06
1768096805.262 96.854 0.09038800 8.86190e-06
1768096805.272 96.901 0.09044666 9.20454e-06
1768096805.282 96.948 0.09048111 8.77392e-06
1768096805.292 96.995 0.09050439 9.06283e-06
1768096805.302 97.043 0.09054443 8.86399e-06
1768096805.312 97.090 0.09057143 7.52842e-06
1768096805.322 97.137 0.09063289 6.99208e-06
1768096805.332 97.184 0.09066734 6.07772e-06
1768096805.342 97.231 0.09070086 5.24723e-06
1768096805.352 97.278 0.09076883 4.57220e-06
1768096805.362 97.325 0.09079677 3.30793e-06
1768096805.372 97.372 0.09086009 2.45104e-06
1768096805.382 97.419 0.09090757 2.12262e-06
1768096805.392 97.466 0.09094389 1.41002e-06
1768096805.402 97.512 0.09102210 9.34887e-07
1768096805.412 97.559 0.09104538 7.63426e-07
1768096805.422 97.606 0.09111522 5.11856e-07
1768096805.432 97.653 0.09116829 4.94751e-07
1768096805.442 97.700 0.09121019 3.72560e-07
1768096805.452 97.747 0.09126140 3.91930e-07
1768096805.462 97.793 0.09129586 3.45616e-07
1768096805.472 97.840 0.09135452 2.62262e-07
1768096805.482 97.887 0.09142156 2.77798e-07
1768096805.492 97.934 0.09147091 2.00145e-07
1768096805.502 97.980 0.09152212 2.31537e-07
1768096805.514 98.027 0.09159662 1.90287e-07
1768096805.565 98.073 0.09185081 1.04007e-07
1768096805.572 98.120 0.09185081 6.79048e-08
1768096805.582 98.167 0.09187130 9.43724e-08
1768096805.592 98.213 0.09190016 4.61679e-08
1768096805.602 98.260 0.09195789 9.06126e-08
1768096805.612 98.306 0.09199141 5.55201e-08
1768096805.622 98.353 0.09203518 1.48362e-08
1768096805.632 98.399 0.09206497 8.82990e-08
1768096805.642 98.446 0.09211712 4.27969e-08
1768096805.652 98.492 0.09216088 9.02230e-08
1768096805.662 98.539 0.09217299 4.36339e-08
1768096805.672 98.585 0.09221582 2.40858e-08
1768096805.682 98.631 0.09223630 7.90773e-08
1768096805.692 98.678 0.09226331 4.27623e-08
1768096805.702 98.724 0.09231917 7.94968e-08
1768096805.712 98.770 0.09231731 4.49917e-08
1768096805.722 98.816 0.09235828 1.14234e-08
1768096805.732 98.863 0.09239460 6.91826e-08
1768096805.779 98.909 0.09254637 2.78288e-08
1768096805.785 98.955 0.09256406 -2.28056e-08
1768096805.826 99.001 0.09270467 3.13171e-09
1768096805.832 99.048 0.09270467 1.25040e-08
1768096805.842 99.094 0.09275588 -7.66835e-09
1768096805.852 99.140 0.09279591 5.35898e-09
1768096805.862 99.186 0.09282571 -1.87809e-08
1768096805.872 99.232 0.09287599 -1.05937e-08
1768096805.882 99.278 0.09291417 -3.81808e-09
1768096805.896 99.324 0.09299331 -4.30380e-09
1768096805.902 99.370 0.09299331 -6.59306e-08
1768096805.912 99.416 0.09302776 -2.49280e-08
1768096805.961 99.462 0.09318140 1.89025e-08
1768096805.970 99.508 0.09322796 -3.32560e-08
1768096806.012 99.554 0.09332200 -1.41187e-08
1768096806.018 99.600 0.09336112 -1.59722e-08
1768096806.032 99.646 0.09338439 7.55880e-09
1768096806.037 99.692 0.09340115 -2.20064e-08
1768096806.042 99.737 0.09345329 2.62354e-08
1768096806.100 99.783 0.09357062 5.51101e-09
1768096806.106 99.829 0.09358831 -9.57203e-09
1768096806.112 99.875 0.09358831 7.87971e-09
1768096806.122 99.921 0.09362742 9.44368e-09
1768096806.132 99.966 0.09365442 1.06478e-08
1768096806.142 100.012 0.09367118 -1.71180e-10
1768096806.152 100.058 0.09370936 1.90395e-08
1768096806.162 100.104 0.09372612 7.33680e-10
1768096806.176 100.149 0.09376522 5.42934e-08
1768096806.183 100.195 0.09377733 9.12430e-09
1768096806.192 100.240 0.09377733 4.45890e-09
1768096806.202 100.286 0.09380340 4.40603e-08
1768096806.250 100.332 0.09395238 5.17409e-08
1768096806.300 100.377 0.09408926 5.07509e-08
1768096806.307 100.423 0.09411533 1.36133e-08
1768096806.312 100.468 0.09416189 5.25868e-08
1768096806.322 100.514 0.09416189 -6.42440e-09
1768096806.332 100.559 0.09417027 7.66902e-08
1768096806.380 100.605 0.09436208 5.51106e-08
1768096806.430 100.650 0.09449803 5.64766e-08
1768096806.480 100.695 0.09461442 6.00011e-08
1768096806.530 100.741 0.09468705 6.68111e-08
1768096806.580 100.786 0.09475316 6.79969e-08
1768096806.657 100.832 0.09481648 5.15800e-08
1768096806.666 100.877 0.09483510 8.37605e-08
1768096806.672 100.922 0.09483510 4.05749e-08
1768096806.682 100.967 0.09484162 1.03868e-07
1768096806.692 101.013 0.09483231 3.32288e-08
1768096806.702 101.058 0.09485279 8.88412e-08
1768096806.712 101.103 0.09484069 3.60346e-08
1768096806.722 101.148 0.09486955 4.26882e-08
1768096806.732 101.194 0.09486582 9.33599e-08
1768096806.782 101.239 0.09493659 9.68440e-08
1768096806.792 101.284 0.09493659 5.51995e-08
1768096806.802 101.329 0.09494683 9.18491e-08
1768096806.812 101.374 0.09494590 5.95383e-08
1768096806.822 101.419 0.09498780 5.49265e-08
1768096806.832 101.464 0.09501109 1.11006e-07
1768096806.841 101.509 0.09501574 6.26971e-08
1768096806.851 101.554 0.09504181 1.01728e-07
1768096806.861 101.599 0.09506136 7.28469e-08
1768096806.871 101.644 0.09510885 8.17176e-08
1768096806.881 101.689 0.09513027 1.29409e-07
1768096806.891 101.734 0.09515820 6.68986e-08
1768096806.901 101.779 0.09519358 1.23905e-07
1768096806.911 101.824 0.09521128 9.82842e-08
1768096806.921 101.869 0.09526901 1.16240e-07
1768096806.931 101.914 0.09529322 1.70064e-07
1768096806.941 101.959 0.09533978 1.16294e-07
1768096806.951 102.004 0.09537330 2.05020e-07
1768096806.961 102.048 0.09539005 1.84856e-07
1768096806.971 102.093 0.09543661 1.95460e-07
1768096806.981 102.138 0.09546082 3.61425e-07
1768096806.991 102.183 0.09550272 3.18700e-07
1768096807.001 102.227 0.09554928 6.10281e-07
1768096807.011 102.272 0.09558187 5.89435e-07
1768096807.021 102.317 0.09561725 5.68400e-07
1768096807.031 102.362 0.09564146 1.10829e-06
1768096807.041 102.406 0.09567963 1.70962e-06
1768096807.051 102.451 0.09573923 1.54072e-06
1768096807.061 102.495 0.09577089 1.83771e-06
1768096807.071 102.540 0.09583700 2.82318e-06
1768096807.081 102.585 0.09584631 4.50439e-06
1768096807.091 102.629 0.09588355 4.32479e-06
1768096807.101 102.674 0.09593942 6.21193e-06
1768096807.111 102.718 0.09597574 9.44729e-06
1768096807.121 102.763 0.09602416 1.13678e-05
1768096807.131 102.807 0.09606513 1.77221e-05
1768096807.141 102.852 0.09610982 2.76895e-05
1768096807.151 102.896 0.09615824 3.31661e-05
1768096807.161 102.940 0.09619176 4.09568e-05
1768096807.211 102.985 0.09641709 8.33010e-05
1768096807.217 103.029 0.09647576 1.11770e-04
1768096807.224 103.074 0.09650276 1.29666e-04
1768096807.231 103.118 0.09650276 1.29538e-04
1768096807.241 103.162 0.09655211 1.57442e-04
1768096807.251 103.207 0.09658936 1.48074e-04
1768096807.261 103.251 0.09662008 1.84747e-04
1768096807.271 103.295 0.09667968 1.69578e-04
1768096807.281 103.339 0.09670668 1.78572e-04
1768096807.291 103.384 0.09675137 1.87583e-04
1768096807.301 103.428 0.09680259 1.57882e-04
1768096807.311 103.472 0.09682121 1.66212e-04
1768096807.321 103.516 0.09687056 1.35307e-04
1768096807.331 103.560 0.09689198 1.28428e-04
1768096807.341 103.604 0.09692922 1.18558e-04
1768096807.351 103.649 0.09696181 1.02123e-04
1768096807.361 103.693 0.09696367 9.04150e-05
1768096807.371 103.737 0.09703816 6.91478e-05
1768096807.381 103.781 0.09706144 6.39413e-05
1768096807.391 103.825 0.09708286 5.02235e-05
1768096807.401 103.869 0.09711545 3.65208e-05
1768096807.411 103.913 0.09712383 3.20539e-05
1768096807.421 103.957 0.09717038 2.25488e-05
1768096807.431 104.001 0.09719180 1.74774e-05
1768096807.441 104.045 0.09722718 1.22069e-05
1768096807.451 104.089 0.09724953 8.29104e-06
1768096807.461 104.133 0.09727933 6.75250e-06
1768096807.471 104.177 0.09734171 5.05127e-06
1768096807.481 104.220 0.09737058 3.54935e-06
1768096807.491 104.264 0.09741806 3.78444e-06
1768096807.501 104.308 0.09746742 3.17429e-06
1768096807.511 104.352 0.09751304 2.28076e-06
1768096807.521 104.396 0.09754097 1.72432e-06
1768096807.531 104.440 0.09755587 1.50517e-06
1768096807.541 104.483 0.09759498 1.61151e-06
1768096807.551 104.527 0.09764992 1.87973e-06
1768096807.561 104.571 0.09770113 1.24075e-06
1768096807.571 104.614 0.09776165 1.31795e-06
1768096807.581 104.658 0.09779331 1.27167e-06
1768096807.591 104.702 0.09783987 7.36503e-07
1768096807.601 104.745 0.09789946 8.55854e-07
1768096807.611 104.789 0.09792926 7.12898e-07
1768096807.621 104.833 0.09797767 5.50540e-07
1768096807.631 104.876 0.09802423 6.22891e-07
1768096807.641 104.920 0.09806241 4.09766e-07
1768096807.651 104.963 0.09812293 5.05035e-07
1768096807.661 105.007 0.09816111 2.57561e-07
1768096807.671 105.051 0.09822070 2.01263e-07
1768096807.681 105.094 0.09824026 2.86341e-07
1768096807.691 105.138 0.09827843 1.40019e-07
1768096807.701 105.181 0.09833058 1.39893e-07
1768096807.711 105.225 0.09837527 2.01444e-07
1768096807.741 105.268 0.09854008 1.40063e-07
1768096807.765 105.311 0.09862202 1.80761e-07
1768096807.772 105.355 0.09864250 1.23479e-07
1768096807.781 105.398 0.09864250 1.97662e-07
1768096807.791 105.442 0.09870489 1.29277e-07
1768096807.801 105.485 0.09875052 1.15977e-07
1768096807.811 105.528 0.09877287 8.62485e-08
1768096807.821 105.572 0.09882873 8.77183e-08
1768096807.831 105.615 0.09885294 1.42243e-07
1768096807.841 105.658 0.09889857 8.02206e-08
1768096807.851 105.701 0.09893581 1.00467e-07
1768096807.861 105.745 0.09895444 7.19109e-08
1768096807.871 105.788 0.09901217 9.02645e-08
1768096807.881 105.831 0.09902241 1.17410e-07
1768096807.932 105.874 0.09922167 7.11660e-08
1768096807.941 105.917 0.09926171 4.77467e-08
1768096807.951 105.961 0.09926171 8.92344e-08
1768096807.961 106.004 0.09927847 3.08489e-08
1768096807.971 106.047 0.09930082 6.13963e-08
1768096807.981 106.090 0.09933248 9.95956e-08
1768096808.030 106.133 0.09949170 5.20135e-08
1768096808.092 106.176 0.09969934 -7.91709e-09
1768096808.101 106.219 0.09969934 6.65807e-09
1768096808.111 106.262 0.09971145 -1.93507e-08
1768096808.121 106.305 0.09976173 -2.37024e-09
1768096808.134 106.348 0.09980363 -6.52609e-08
1768096808.141 106.391 0.09980363 -5.11601e-08
1768096808.189 106.434 0.09989861 -5.91346e-08
1768096808.239 106.477 0.09998427 -5.56267e-08
1768096808.298 106.520 0.10007273 -1.39341e-08
1768096808.305 106.563 0.10007366 -4.42978e-08
1768096808.353 106.606 0.10016677 -5.82542e-08
1768096808.361 106.649 0.10016677 1.30351e-08
1768096808.404 106.691 0.10023940 -1.76831e-08
1768096808.411 106.734 0.10023940 -1.17994e-08
1768096808.421 106.777 0.10025430 1.82782e-09
1768096808.431 106.820 0.10027199 -1.05065e-08
1768096808.441 106.863 0.10029806 -1.25867e-08
1768096808.451 106.905 0.10030644 1.52655e-09
1768096808.461 106.948 0.10030737 -1.29471e-08
1768096808.471 106.991 0.10032320 9.19940e-09
1768096808.481 107.034 0.10031017 -2.39709e-09
1768096808.491 107.076 0.10034182 -3.84419e-09
1768096808.501 107.119 0.10034462 8.80276e-09
1768096808.511 107.162 0.10035672 -6.72118e-09
1768096808.521 107.204 0.10038838 1.47610e-08
1768096808.531 107.247 0.10037628 -1.02166e-09
1768096808.541 107.290 0.10040886 -9.37310e-10
1768096808.589 107.332 0.10052712 -1.56631e-09
1768096808.596 107.375 0.10053550 1.45216e-08
1768096808.602 107.417 0.10056250 5.30671e-09
1768096808.610 107.460 0.10056250 -3.66795e-09
1768096808.621 107.503 0.10061651 1.88880e-08
1768096808.630 107.545 0.10063235 1.35921e-09
1768096808.640 107.588 0.10065935 2.42682e-09
1768096808.650 107.630 0.10071708 1.35731e-08
1768096808.660 107.672 0.10074408 -2.65928e-09
1768096808.670 107.715 0.10078411 1.79358e-08
1768096808.680 107.757 0.10081763 4.59633e-09
1768096808.690 107.800 0.10087444 2.99659e-09
1768096808.700 107.842 0.10090517 1.35031e-08
1768096808.710 107.885 0.10093310 -2.61886e-09
1768096808.720 107.927 0.10098338 1.75778e-08
1768096808.730 107.969 0.10102435 1.72332e-09
1768096808.740 108.012 0.10106719 2.84393e-09
1768096808.750 108.054 0.10108767 1.45122e-08
1768096808.760 108.096 0.10111188 -2.24993e-09
1768096808.770 108.139 0.10117426 1.86271e-08
1768096808.780 108.181 0.10120033 5.44633e-09
1768096808.790 108.223 0.10122733 4.64197e-09
1768096808.800 108.265 0.10127109 1.74002e-08
1768096808.851 108.308 0.10145732 1.97995e-08
1768096808.861 108.350 0.10145732 8.97251e-09
1768096808.875 108.392 0.10153368 8.29770e-09
1768096808.881 108.434 0.10158210 5.10737e-08
1768096808.890 108.476 0.10158210 -4.10640e-09
1768096808.900 108.518 0.10163238 5.55897e-08
1768096808.951 108.560 0.10184095 7.91310e-08
1768096808.960 108.603 0.10184095 1.30089e-07
1768096808.970 108.645 0.10187913 1.27381e-07
1768096808.980 108.687 0.10190241 1.78335e-07
1768096808.990 108.729 0.10194989 1.15143e-07
1768096809.000 108.771 0.10197037 1.69235e-07
1768096809.010 108.813 0.10199459 1.44393e-07
1768096809.020 108.855 0.10202625 1.24591e-07
1768096809.032 108.897 0.10207560 2.22316e-07
1768096809.040 108.939 0.10207560 1.96048e-07
1768096809.050 108.981 0.10210074 2.06708e-07
1768096809.063 109.023 0.10213612 2.36700e-07
1768096809.071 109.065 0.10213612 1.92206e-07
1768096809.081 109.107 0.10215102 3.46714e-07
1768096809.090 109.148 0.10218267 4.96939e-07
1768096809.100 109.190 0.10221341 2.96348e-07
1768096809.110 109.232 0.10223110 2.87206e-07
1768096809.120 109.274 0.10225717 5.94572e-07
1768096809.130 109.316 0.10226648 5.02820e-07
1768096809.140 109.358 0.10229162 4.66335e-07
1768096809.150 109.399 0.10230373 5.62891e-07
1768096809.160 109.441 0.10233631 3.62065e-07
1768096809.170 109.483 0.10236518 4.99020e-07
1768096809.180 109.525 0.10237914 4.31070e-07
1768096809.190 109.566 0.10242943 3.51998e-07
1768096809.200 109.608 0.10247226 4.53024e-07
1768096809.210 109.650 0.10248809 4.42990e-07
1768096809.220 109.692 0.10252999 6.46485e-07
1768096809.230 109.733 0.10256072 4.81406e-07
1768096809.240 109.775 0.10261846 3.44580e-07
1768096809.250 109.817 0.10264359 5.61290e-07
1768096809.260 109.858 0.10268549 4.54233e-07
1768096809.270 109.900 0.10275346 5.16846e-07
1768096809.280 109.941 0.10277581 3.88314e-07
1768096809.290 109.983 0.10282050 3.54149e-07
1768096809.300 110.025 0.10286800 3.14875e-07
