1768096094.626 33.800 0.03259249 4.93727e-08
1768096094.676 33.935 0.03259249 5.44358e-08
1768096094.726 34.070 0.03259529 5.02929e-08
1768096094.777 34.204 0.03262136 5.42315e-08
1768096094.827 34.337 0.03268282 4.78340e-08
1768096094.877 34.470 0.03279921 5.25223e-08
1768096094.927 34.602 0.03293050 4.68239e-08
1768096094.977 34.734 0.03308041 4.97810e-08
1768096095.027 34.866 0.03321915 4.72561e-08
1768096095.077 34.997 0.03334206 4.83235e-08
1768096095.128 35.127 0.03344448 4.77336e-08
1768096095.169 35.257 0.03349756 4.72727e-08
1768096095.175 35.386 0.03353480 5.11461e-08
1768096095.224 35.515 0.03361209 9.39212e-08
1768096095.233 35.644 0.03361209 5.12629e-08
1768096095.243 35.772 0.03364002 1.66858e-07
1768096095.253 35.899 0.03366609 1.75651e-07
1768096095.263 36.026 0.03368937 2.89935e-07
1768096095.273 36.153 0.03370799 5.13078e-07
1768096095.283 36.279 0.03373313 6.07455e-07
1768096095.293 36.405 0.03374803 9.19215e-07
1768096095.303 36.530 0.03377783 1.18897e-06
1768096095.313 36.655 0.03381414 1.69993e-06
1768096095.323 36.780 0.03383835 2.45929e-06
1768096095.333 36.904 0.03389795 2.94498e-06
1768096095.343 37.028 0.03393519 3.83697e-06
1768096095.353 37.151 0.03395661 4.51029e-06
1768096095.363 37.274 0.03400782 5.40237e-06
1768096095.373 37.396 0.03403575 4.97555e-06
1768096095.383 37.518 0.03409069 4.86808e-06
1768096095.393 37.640 0.03414749 3.27211e-06
1768096095.403 37.761 0.03421918 1.07613e-06
1768096095.413 37.882 0.03429926 3.67495e-07
1768096095.423 38.002 0.03436351 1.44799e-07
1768096095.472 38.123 0.03487191 7.59059e-08
1768096095.479 38.242 0.03499296 2.23001e-08
1768096095.527 38.362 0.03562147 5.23169e-08
1768096095.577 38.481 0.03624999 5.97912e-08
1768096095.645 38.599 0.03682171 1.33094e-08
1768096095.722 38.718 0.03694741 6.71429e-08
1768096095.728 38.835 0.03695858 1.77187e-08
1768096095.776 38.953 0.03689154 5.80962e-08
1768096095.827 39.070 0.03684778 5.35842e-08
1768096095.877 39.187 0.03686826 5.68527e-08
1768096095.927 39.303 0.03701352 5.27965e-08
1768096095.977 39.420 0.03718950 5.39453e-08
1768096096.028 39.535 0.03735897 4.88872e-08
1768096096.077 39.651 0.03750702 5.06904e-08
1768096096.128 39.766 0.03758803 4.88219e-08
1768096096.178 39.881 0.03768394 4.69537e-08
1768096096.256 39.995 0.03780499 1.71127e-08
1768096096.263 40.109 0.03780405 -1.46505e-08
1768096096.311 40.223 0.03789996 4.07019e-08
1768096096.363 40.337 0.03802566 -6.70880e-09
1768096096.413 40.450 0.03812995 -8.73840e-09
1768096096.463 40.563 0.03824634 -9.86760e-09
1768096096.513 40.675 0.03837484 -1.21742e-08
1768096096.563 40.787 0.03849309 -1.49642e-08
1768096096.613 40.899 0.03859459 -1.46416e-08
1768096096.663 41.011 0.03871191 -1.58112e-08
1768096096.713 41.122 0.03880223 -1.69125e-08
1768096096.792 41.233 0.03894562 4.52894e-08
1768096096.841 41.344 0.03903688 4.51552e-08
1768096096.891 41.454 0.03913185 4.50125e-08
1768096096.897 41.565 0.03915792 -1.06205e-08
1768096096.945 41.674 0.03923334 4.11282e-08
1768096096.996 41.784 0.03932460 1.88026e-08
1768096097.046 41.893 0.03942050 1.31132e-08
1768096097.095 42.002 0.03955924 1.18381e-08
1768096097.146 42.111 0.03969333 6.11300e-09
1768096097.196 42.219 0.03982275 -4.84110e-09
1768096097.266 42.327 0.03995870 7.52330e-09
1768096097.275 42.435 0.03999315 7.50086e-08
1768096097.354 42.543 0.04011047 4.02369e-08
1768096097.362 42.650 0.04011047 5.30856e-08
1768096097.412 42.757 0.04019707 4.23234e-08
1768096097.462 42.864 0.04030415 3.84957e-08
1768096097.512 42.971 0.04042985 3.42424e-08
1768096097.562 43.077 0.04057511 3.01507e-08
1768096097.612 43.183 0.04069988 1.94291e-08
1768096097.680 43.289 0.04084979 -1.44844e-08
1768096097.730 43.394 0.04092615 -1.51160e-08
1768096097.780 43.499 0.04103323 -1.64701e-08
1768096097.830 43.604 0.04111331 -1.55135e-08
1768096097.894 43.709 0.04120735 4.40254e-08
1768096097.945 43.813 0.04129581 3.46237e-08
1768096097.995 43.918 0.04139730 3.15949e-08
1768096098.045 44.022 0.04148390 2.57391e-08
1768096098.095 44.125 0.04157608 1.97517e-08
1768096098.146 44.229 0.04167850 1.26809e-08
1768096098.196 44.332 0.04177441 1.05436e-08
1768096098.246 44.435 0.04186380 2.57600e-09
1768096098.296 44.538 0.04196157 -4.01770e-09
1768096098.347 44.640 0.04206027 -2.55750e-09
1768096098.396 44.743 0.04215524 -5.04860e-09
1768096098.447 44.845 0.04222973 4.76293e-08
1768096098.495 44.947 0.04233775 3.24783e-08
1768096098.546 45.048 0.04243459 2.50437e-08
1768096098.596 45.149 0.04252490 2.32837e-08
1768096098.646 45.251 0.04261895 2.15988e-08
1768096098.696 45.352 0.04272882 2.06841e-08
1768096098.746 45.452 0.04281076 1.58708e-08
1768096098.796 45.553 0.04290108 -3.53900e-10
1768096098.846 45.653 0.04300258 -2.00580e-09
1768096098.896 45.753 0.04310035 -3.65430e-09
1768096098.946 45.853 0.04317949 -8.39580e-09
1768096099.031 45.952 0.04334244 -8.63110e-09
1768096099.081 46.052 0.04343555 -8.07850e-09
1768096099.132 46.151 0.04349794 -6.80740e-09
1768096099.182 46.250 0.04357615 -6.51290e-09
1768096099.191 46.349 0.04357615 6.82991e-08
1768096099.239 46.447 0.04365530 6.68700e-08
1768096099.245 46.545 0.04366554 3.61783e-08
1768096099.292 46.644 0.04374469 4.66290e-08
1768096099.342 46.741 0.04385829 4.70498e-08
1768096099.393 46.839 0.04401193 4.69113e-08
1768096099.443 46.937 0.04417301 4.74003e-08
1768096099.493 47.034 0.04433410 4.76153e-08
1768096099.572 47.131 0.04449798 7.13004e-08
1768096099.581 47.228 0.04449798 -6.58770e-09
1768096099.630 47.325 0.04453895 -9.23060e-09
1768096099.682 47.421 0.04461158 -3.78190e-09
1768096099.691 47.517 0.04461158 7.02298e-08
1768096099.740 47.614 0.04467862 6.44958e-08
1768096099.747 47.709 0.04471586 -1.52983e-08
1768096099.795 47.805 0.04482667 4.53015e-08
1768096099.845 47.901 0.04494585 4.22307e-08
1768096099.895 47.996 0.04509111 4.07798e-08
1768096099.944 48.091 0.04525406 3.70550e-08
1768096099.995 48.186 0.04539838 3.57558e-08
1768096100.045 48.281 0.04548870 3.49926e-08
1768096100.110 48.376 0.04557530 4.91099e-08
1768096100.160 48.470 0.04564700 5.08132e-08
1768096100.212 48.564 0.04571963 3.52376e-08
1768096100.262 48.658 0.04578946 3.08205e-08
1768096100.312 48.752 0.04588164 2.12494e-08
1768096100.362 48.846 0.04597569 1.70797e-08
1768096100.412 48.939 0.04602969 1.45013e-08
1768096100.463 49.033 0.04612933 1.00865e-08
1768096100.513 49.126 0.04622709 7.68880e-09
1768096100.563 49.219 0.04630903 1.85850e-09
1768096100.613 49.311 0.04640960 -2.98770e-09
1768096100.664 49.404 0.04650736 4.56083e-08
1768096100.713 49.497 0.04656975 1.62870e-09
1768096100.762 49.589 0.04665448 -1.88590e-09
1768096100.813 49.681 0.04675691 -1.67861e-08
1768096100.864 49.773 0.04683885 -1.65862e-08
1768096100.914 49.865 0.04692451 -1.50320e-08
1768096100.964 49.956 0.04701577 -1.49754e-08
1768096101.014 50.048 0.04709305 -1.48766e-08
1768096101.064 50.139 0.04717871 -1.48713e-08
1768096101.114 50.230 0.04727648 -1.40332e-08
1768096101.164 50.321 0.04735097 -1.27344e-08
1768096101.251 50.412 0.04750647 8.40930e-09
1768096101.259 50.502 0.04750647 4.66719e-08
1768096101.307 50.593 0.04759772 9.66530e-08
1768096101.314 50.683 0.04761355 4.21566e-08
1768096101.320 50.773 0.04762752 9.25225e-08
1768096101.329 50.863 0.04762752 1.63795e-07
1768096101.339 50.953 0.04763311 1.64475e-07
1768096101.349 51.042 0.04766476 2.24783e-07
1768096101.359 51.132 0.04767501 3.66416e-07
1768096101.369 51.221 0.04768711 3.93509e-07
1768096101.379 51.310 0.04769549 5.11383e-07
1768096101.389 51.399 0.04770387 4.29023e-07
1768096101.399 51.488 0.04772808 5.61836e-07
1768096101.409 51.577 0.04772901 9.18369e-07
1768096101.419 51.666 0.04774764 9.04573e-07
1768096101.429 51.754 0.04778022 1.30032e-06
1768096101.439 51.842 0.04780909 1.55434e-06
1768096101.449 51.930 0.04785285 1.97663e-06
1768096101.459 52.018 0.04788265 2.90542e-06
1768096101.469 52.106 0.04792083 3.66360e-06
1768096101.479 52.194 0.04798508 5.26635e-06
1768096101.489 52.281 0.04801673 6.47260e-06
1768096101.499 52.369 0.04807074 8.90677e-06
1768096101.509 52.456 0.04811264 1.11614e-05
1768096101.519 52.543 0.04818713 1.28472e-05
1768096101.529 52.630 0.04826814 1.48490e-05
1768096101.539 52.717 0.04833425 1.48238e-05
1768096101.549 52.803 0.04843854 1.19207e-05
1768096101.559 52.890 0.04850744 7.07543e-06
1768096101.569 52.976 0.04861359 2.82347e-06
1768096101.579 53.062 0.04872160 9.91154e-07
1768096101.589 53.148 0.04881937 4.19376e-07
1768096101.599 53.234 0.04893204 2.39902e-07
1768096101.609 53.320 0.04902981 7.20353e-08
1768096101.675 53.406 0.04974306 5.07491e-08
1768096101.725 53.491 0.05020769 3.89086e-08
1768096101.813 53.577 0.05068164 -1.06915e-08
1768096101.865 53.662 0.05070212 -1.14124e-08
1768096101.871 53.747 0.05071423 7.28342e-08
1768096101.879 53.832 0.05071423 5.71834e-08
1768096101.927 53.917 0.05065650 5.37410e-08
1768096101.977 54.002 0.05062857 5.73259e-08
1768096102.027 54.086 0.05069654 5.54465e-08
1768096102.077 54.171 0.05083435 6.08606e-08
1768096102.130 54.255 0.05101964 2.28385e-07
1768096102.139 54.339 0.05101964 3.85922e-07
1768096102.149 54.423 0.05107179 5.75619e-07
1768096102.159 54.507 0.05109320 9.51323e-07
1768096102.169 54.591 0.05111369 1.14001e-06
1768096102.179 54.675 0.05115000 1.66766e-06
1768096102.189 54.758 0.05115745 2.04265e-06
1768096102.199 54.842 0.05119283 3.43780e-06
1768096102.209 54.925 0.05120028 4.19106e-06
1768096102.219 55.008 0.05120680 5.12042e-06
1768096102.229 55.091 0.05121890 7.14809e-06
1768096102.239 55.174 0.05123194 7.05357e-06
1768096102.249 55.257 0.05125429 6.03821e-06
1768096102.259 55.340 0.05127850 1.24472e-05
1768096102.269 55.422 0.05130364 1.53379e-05
1768096102.279 55.505 0.05132412 1.12307e-05
1768096102.289 55.587 0.05133623 2.20870e-05
1768096102.299 55.669 0.05138651 2.47789e-05
1768096102.309 55.751 0.05141724 3.05353e-05
1768096102.319 55.833 0.05144517 3.17486e-05
1768096102.365 55.915 0.05170217 3.20691e-05
1768096102.373 55.997 0.05178410 2.05496e-05
1768096102.379 56.078 0.05183904 1.10306e-05
1768096102.389 56.160 0.05183904 6.60542e-06
1768096102.399 56.241 0.05192657 1.63139e-06
1768096102.409 56.322 0.05200478 1.09495e-06
1768096102.419 56.403 0.05210348 8.10977e-07
1768096102.429 56.484 0.05217518 1.30492e-06
1768096102.439 56.565 0.05224129 1.44889e-06
1768096102.449 56.646 0.05235116 1.24548e-06
1768096102.459 56.727 0.05243310 9.76318e-07
1768096102.469 56.807 0.05251970 3.93158e-07
1768096102.479 56.888 0.05262119 1.43824e-07
1768096102.489 56.968 0.05268358 8.55962e-08
1768096102.499 57.048 0.05278042 8.15041e-08
1768096102.509 57.128 0.05284373 1.32679e-07
1768096102.519 57.208 0.05291823 3.14526e-08
1768096102.529 57.288 0.05299365 9.99852e-08
1768096102.539 57.368 0.05306814 8.84689e-08
1768096102.549 57.447 0.05315380 1.28965e-07
1768096102.559 57.527 0.05321898 1.20295e-07
1768096102.569 57.606 0.05327485 3.10314e-08
1768096102.579 57.686 0.05333351 8.49297e-08
1768096102.589 57.765 0.05338659 5.51512e-08
1768096102.599 57.844 0.05347505 1.11524e-07
1768096102.609 57.923 0.05353464 1.76041e-07
1768096102.619 58.002 0.05360168 1.23813e-07
1768096102.629 58.080 0.05364544 1.78480e-07
1768096102.639 58.159 0.05370876 1.21828e-07
1768096102.649 58.238 0.05380467 8.10288e-08
1768096102.659 58.316 0.05385308 8.79927e-08
1768096102.724 58.394 0.05433728 6.89597e-08
1768096102.775 58.473 0.05468552 8.12313e-08
1768096102.781 58.551 0.05474790 2.63856e-08
1768096102.789 58.629 0.05474790 1.22672e-07
1768096102.799 58.707 0.05484474 1.18802e-07
1768096102.809 58.785 0.05490899 1.36542e-07
1768096102.819 58.862 0.05497231 7.77287e-08
1768096102.829 58.940 0.05502725 1.26966e-07
1768096102.839 59.017 0.05509149 6.23483e-08
1768096102.849 59.095 0.05514736 8.19002e-08
1768096102.859 59.172 0.05516785 8.27569e-08
1768096102.945 59.249 0.05543415 1.40127e-05
1768096102.952 59.326 0.05544067 2.08814e-05
1768096102.961 59.403 0.05545836 2.31441e-05
1768096102.968 59.480 0.05545836 2.95990e-05
1768096102.978 59.557 0.05548723 2.83951e-05
1768096102.988 59.634 0.05551423 5.15439e-05
1768096102.998 59.710 0.05557010 7.02842e-05
1768096103.008 59.787 0.05559617 7.68523e-05
1768096103.018 59.863 0.05564272 1.14102e-04
1768096103.028 59.940 0.05567252 8.64126e-05
1768096103.038 60.016 0.05570046 1.37343e-04
1768096103.048 60.092 0.05575632 1.44044e-04
1768096103.058 60.168 0.05577680 1.26163e-04
1768096103.069 60.244 0.05582150 8.91593e-05
1768096103.078 60.320 0.05586154 1.17149e-04
1768096103.088 60.396 0.05589227 9.07224e-05
1768096103.098 60.471 0.05594441 6.35527e-05
1768096103.108 60.547 0.05597979 2.68268e-05
1768096103.120 60.622 0.05608408 9.56410e-06
1768096103.129 60.698 0.05613343 5.61558e-06
1768096103.139 60.773 0.05613343 3.87115e-06
1768096103.149 60.848 0.05619023 2.63914e-06
1768096103.159 60.923 0.05623958 1.60454e-06
1768096103.169 60.998 0.05629638 1.43097e-06
1768096103.178 61.073 0.05635784 9.31733e-07
1768096103.188 61.148 0.05641929 3.24796e-07
1768096103.198 61.222 0.05650588 5.12399e-07
1768096103.208 61.297 0.05655617 1.23095e-07
1768096103.218 61.372 0.05663904 1.15464e-08
1768096103.228 61.446 0.05672470 1.03509e-07
1768096103.264 61.520 0.05701615 1.41861e-07
1768096103.272 61.595 0.05709995 1.34552e-06
1768096103.279 61.669 0.05718841 1.44512e-06
1768096103.288 61.743 0.05718841 2.90899e-06
1768096103.298 61.817 0.05728059 3.80231e-06
1768096103.308 61.891 0.05735415 3.83739e-06
1768096103.318 61.965 0.05745844 3.33956e-06
1768096103.328 62.038 0.05754224 2.87506e-06
1768096103.339 62.112 0.05769308 6.55813e-07
1768096103.348 62.186 0.05769308 3.48983e-07
1768096103.358 62.259 0.05773777 3.32367e-07
1768096103.368 62.332 0.05783368 1.61201e-07
1768096103.378 62.406 0.05790352 2.54265e-07
1768096103.388 62.479 0.05795752 1.46287e-07
1768096103.398 62.552 0.05803760 1.64275e-07
1768096103.408 62.625 0.05808602 1.24905e-07
1768096103.418 62.698 0.05814934 4.74995e-08
1768096103.428 62.771 0.05821079 1.05608e-07
1768096103.438 62.844 0.05825828 6.36338e-08
1768096103.448 62.916 0.05830577 1.38174e-07
1768096103.499 62.989 0.05864377 1.42027e-07
1768096103.508 63.062 0.05864377 1.62919e-07
1768096103.519 63.134 0.05870336 4.49590e-08
1768096103.528 63.206 0.05873502 1.43466e-07
1768096103.539 63.279 0.05878065 1.16352e-07
1768096103.549 63.351 0.05886165 1.26138e-07
1768096103.558 63.423 0.05891566 1.93623e-07
1768096103.568 63.495 0.05898550 1.34434e-07
1768096103.579 63.567 0.05904788 3.28487e-07
1768096103.588 63.639 0.05909630 2.95451e-07
1768096103.598 63.711 0.05917172 6.02292e-07
1768096103.608 63.782 0.05922573 9.11445e-07
1768096103.618 63.854 0.05928625 5.58918e-07
1768096103.628 63.926 0.05932815 6.58052e-07
1768096103.638 63.997 0.05935329 6.77184e-07
1768096103.648 64.068 0.05941382 5.73236e-07
1768096103.658 64.140 0.05947155 3.04942e-07
1768096103.668 64.211 0.05954139 1.27635e-07
1768096103.678 64.282 0.05958422 1.33356e-07
1768096103.688 64.353 0.05960656 7.47105e-08
1768096103.698 64.424 0.05967547 1.26760e-07
1768096103.708 64.495 0.05971178 1.70696e-07
1768096103.718 64.566 0.05977603 1.36234e-07
1768096103.728 64.637 0.05981886 2.03356e-07
1768096103.738 64.707 0.05986263 3.69363e-07
1768096103.748 64.778 0.05995201 3.64007e-07
1768096103.759 64.849 0.06005351 4.27586e-07
1768096103.768 64.919 0.06005351 4.13043e-07
1768096103.778 64.989 0.06011217 3.39667e-07
1768096103.788 65.060 0.06018573 2.70888e-07
1768096103.798 65.130 0.06025556 2.26621e-07
1768096103.808 65.200 0.06032261 2.81532e-07
1768096103.818 65.270 0.06038220 2.95161e-07
1768096103.828 65.340 0.06045110 2.91611e-07
1768096103.838 65.410 0.06050977 3.51483e-07
1768096103.848 65.480 0.06060846 3.31672e-07
1768096103.858 65.550 0.06066619 1.24982e-06
1768096103.868 65.619 0.06073882 2.94073e-06
1768096103.878 65.689 0.06081983 4.33584e-06
1768096103.888 65.759 0.06087477 9.23057e-06
1768096103.898 65.828 0.06095764 1.76690e-05
1768096103.908 65.897 0.06102468 3.52266e-05
1768096103.918 65.967 0.06110569 5.61176e-05
1768096103.928 66.036 0.06118298 6.97820e-05
1768096103.938 66.105 0.06123512 9.07552e-05
1768096103.948 66.174 0.06131892 8.52890e-05
1768096103.958 66.243 0.06139061 7.21104e-05
1768096103.968 66.312 0.06147069 5.81924e-05
1768096103.978 66.381 0.06153401 2.46595e-05
1768096103.988 66.450 0.06159546 6.39090e-06
1768096103.998 66.519 0.06169323 3.03232e-06
1768096104.029 66.588 0.06192695 1.48029e-06
1768096104.055 66.656 0.06205079 1.58979e-07
1768096104.062 66.725 0.06212714 1.67909e-07
1768096104.068 66.793 0.06217836 1.39404e-07
1768096104.078 66.862 0.06217836 2.70692e-07
1768096104.088 66.930 0.06222398 3.58892e-07
1768096104.098 66.998 0.06230034 6.16295e-07
1768096104.108 67.066 0.06236086 7.09711e-07
1768096104.118 67.135 0.06242138 2.48268e-07
1768096104.128 67.203 0.06247911 1.03821e-06
1768096104.138 67.271 0.06252660 1.06001e-06
1768096104.148 67.339 0.06260574 7.26267e-07
1768096104.158 67.406 0.06264579 6.42611e-07
1768096104.168 67.474 0.06268117 5.61804e-07
1768096104.178 67.542 0.06273983 4.56235e-07
1768096104.188 67.610 0.06277521 3.67417e-07
1768096104.198 67.677 0.06282642 2.09540e-07
1768096104.208 67.745 0.06287298 2.63152e-07
1768096104.218 67.812 0.06293257 1.81486e-07
1768096104.228 67.879 0.06297075 3.04516e-07
1768096104.238 67.947 0.06300986 2.15786e-07
1768096104.248 68.014 0.06307411 2.22146e-07
1768096104.258 68.081 0.06311321 1.25682e-07
1768096104.268 68.148 0.06317281 4.30661e-08
1768096104.278 68.215 0.06320633 1.05812e-07
1768096104.288 68.282 0.06324078 5.92023e-08
1768096104.298 68.349 0.06332831 9.20646e-08
1768096104.308 68.416 0.06336927 7.83083e-08
1768096104.318 68.483 0.06344004 7.38814e-08
1768096104.328 68.550 0.06349964 2.28077e-07
1768096104.338 68.616 0.06354433 2.21905e-07
1768096104.348 68.683 0.06362441 4.28238e-07
1768096104.358 68.749 0.06367376 5.60529e-07
1768096104.368 68.816 0.06375477 7.72475e-07
1768096104.378 68.882 0.06382460 1.36059e-06
1768096104.388 68.949 0.06388978 2.05350e-06
1768096104.398 69.015 0.06395869 3.14859e-06
1768096104.408 69.081 0.06399779 3.96925e-06
1768096104.418 69.147 0.06409184 4.01109e-06
1768096104.428 69.213 0.06415888 3.62877e-06
1768096104.438 69.279 0.06420637 2.71319e-06
1768096104.448 69.345 0.06430693 2.44108e-06
1768096104.458 69.411 0.06434976 1.14361e-06
1768096104.468 69.477 0.06441587 7.05889e-07
1768096104.478 69.543 0.06449502 6.57000e-07
1768096104.488 69.608 0.06458161 9.42559e-07
1768096104.498 69.674 0.06465052 1.16223e-06
1768096104.508 69.740 0.06470173 1.01235e-06
1768096104.518 69.805 0.06477808 1.15493e-06
1768096104.528 69.871 0.06484699 7.68559e-07
1768096104.538 69.936 0.06489168 8.61564e-07
1768096104.548 70.001 0.06496152 6.58399e-07
1768096104.581 70.067 0.06521292 4.28793e-07
1768096104.592 70.132 0.06528928 6.35573e-07
1768096104.598 70.197 0.06534700 4.66649e-07
1768096104.608 70.262 0.06534700 6.72547e-07
1768096104.618 70.327 0.06541312 4.34671e-07
1768096104.628 70.392 0.06547178 3.77446e-07
1768096104.638 70.457 0.06551834 2.36953e-07
1768096104.648 70.522 0.06559097 7.33459e-08
1768096104.658 70.587 0.06562262 7.92150e-08
1768096104.668 70.651 0.06567569 3.42160e-08
1768096104.678 70.716 0.06572505 1.34579e-07
1768096104.688 70.781 0.06578371 7.17737e-08
1768096104.698 70.845 0.06583306 8.91858e-08
1768096104.708 70.910 0.06586844 6.86248e-08
1768096104.718 70.974 0.06593362 1.24725e-08
1768096104.727 71.039 0.06598669 7.60566e-08
1768096104.737 71.103 0.06604443 3.13556e-08
1768096104.747 71.167 0.06611333 7.14453e-08
1768096104.757 71.231 0.06612916 5.57010e-08
1768096104.767 71.296 0.06619713 3.29366e-08
1768096104.777 71.360 0.06624089 1.35613e-07
1768096104.787 71.424 0.06630421 6.68638e-08
1768096104.797 71.488 0.06636101 1.33201e-07
1768096104.807 71.552 0.06637870 1.10245e-07
1768096104.817 71.615 0.06645133 1.03462e-07
1768096104.827 71.679 0.06650441 1.43291e-07
1768096104.837 71.743 0.06654351 1.04573e-07
1768096104.847 71.807 0.06660404 1.41191e-07
1768096104.857 71.870 0.06666921 2.47380e-07
1768096104.867 71.934 0.06673812 3.10568e-07
1768096104.877 71.997 0.06678468 3.77440e-07
1768096104.887 72.061 0.06684520 5.59897e-07
1768096104.897 72.124 0.06691131 9.44979e-07
1768096104.907 72.188 0.06695135 1.38008e-06
1768096104.917 72.251 0.06703515 1.63576e-06
1768096104.927 72.314 0.06708916 1.32911e-06
1768096104.937 72.377 0.06715155 1.38210e-06
1768096104.947 72.440 0.06722324 1.50435e-06
1768096104.957 72.504 0.06726142 1.26395e-06
1768096104.967 72.567 0.06734987 2.63524e-07
1768096104.977 72.630 0.06740481 3.26530e-07
1768096104.987 72.692 0.06747093 2.45446e-07
1768096104.997 72.755 0.06754262 1.44470e-07
1768096105.007 72.818 0.06760128 1.63840e-07
1768096105.017 72.881 0.06766832 3.70727e-07
1768096105.027 72.944 0.06771767 6.04077e-07
1768096105.037 73.006 0.06779030 1.63918e-06
1768096105.047 73.069 0.06787690 3.12640e-06
1768096105.057 73.131 0.06791414 5.42774e-06
1768096105.067 73.194 0.06797932 7.22351e-06
1768096105.077 73.256 0.06804264 1.31593e-05
1768096105.087 73.319 0.06809664 2.53705e-05
1768096105.117 73.381 0.06828939 2.74883e-05
1768096105.128 73.443 0.06839275 1.13111e-04
1768096105.137 73.505 0.06839275 1.31786e-04
1768096105.147 73.568 0.06845513 1.44026e-04
1768096105.157 73.630 0.06850169 1.50145e-04
1768096105.167 73.692 0.06856873 1.35480e-04
1768096105.177 73.754 0.06861994 1.20893e-04
1768096105.187 73.816 0.06867768 9.50571e-05
1768096105.198 73.878 0.06874844 6.18674e-05
1768096105.208 73.940 0.06879500 2.60264e-05
1768096105.218 74.001 0.06885366 1.41402e-05
1768096105.228 74.063 0.06888159 8.97201e-06
1768096105.237 74.125 0.06893653 6.16232e-06
1768096105.248 74.186 0.06901195 5.18275e-06
1768096105.258 74.248 0.06906596 3.70682e-06
1768096105.268 74.310 0.06911065 2.76856e-06
1768096105.278 74.371 0.06915069 1.97179e-06
1768096105.287 74.432 0.06918235 1.45995e-06
1768096105.298 74.494 0.06924567 1.18177e-06
1768096105.308 74.555 0.06927267 7.82415e-07
1768096105.317 74.617 0.06934064 5.25529e-07
1768096105.328 74.678 0.06938161 6.50018e-07
1768096105.337 74.739 0.06942817 4.27399e-07
1768096105.347 74.800 0.06948404 6.32898e-07
1768096105.358 74.861 0.06952035 8.05459e-07
1768096105.368 74.922 0.06958832 9.39783e-07
1768096105.377 74.983 0.06963767 7.58288e-07
1768096105.388 75.044 0.06968237 7.66356e-07
1768096105.398 75.105 0.06973730 1.39626e-06
1768096105.408 75.166 0.06979038 1.67122e-06
1768096105.418 75.227 0.06986952 1.50747e-06
1768096105.428 75.287 0.06991236 1.01515e-06
1768096105.438 75.348 0.06996636 6.37174e-07
1768096105.448 75.409 0.07002503 5.56248e-07
1768096105.457 75.469 0.07008462 7.45499e-07
1768096105.467 75.530 0.07015725 3.31637e-07
1768096105.477 75.590 0.07017680 2.34619e-07
1768096105.487 75.651 0.07023732 1.51532e-07
1768096105.497 75.711 0.07033416 1.75433e-07
1768096105.507 75.772 0.07037979 1.66717e-07
1768096105.517 75.832 0.07044311 2.42729e-07
1768096105.527 75.892 0.07050176 3.21204e-07
1768096105.538 75.952 0.07056695 1.80440e-07
1768096105.547 76.013 0.07063678 4.20929e-07
1768096105.558 76.073 0.07067589 8.61142e-07
1768096105.567 76.133 0.07075317 8.46386e-07
1768096105.577 76.193 0.07083046 8.66524e-07
1768096105.587 76.253 0.07087795 6.80024e-07
1768096105.597 76.313 0.07093381 7.53401e-07
1768096105.607 76.373 0.07098223 6.74737e-07
1768096105.617 76.432 0.07106324 3.68097e-07
1768096105.647 76.492 0.07126902 2.44988e-07
1768096105.661 76.552 0.07133048 1.66027e-07
1768096105.668 76.612 0.07138355 1.18529e-07
1768096105.677 76.671 0.07138355 1.96572e-07
1768096105.687 76.731 0.07143942 1.92812e-07
1768096105.697 76.790 0.07154650 6.53170e-08
1768096105.707 76.850 0.07154650 3.43059e-07
1768096105.717 76.909 0.07161261 7.54030e-08
1768096105.727 76.969 0.07165637 4.65579e-07
1768096105.737 77.028 0.07170945 4.94354e-07
1768096105.747 77.087 0.07176997 7.23332e-07
1768096105.757 77.147 0.07180349 9.01083e-07
1768096105.767 77.206 0.07186401 5.93424e-07
1768096105.777 77.265 0.07192081 1.33062e-06
1768096105.787 77.324 0.07196737 1.44539e-06
1768096105.797 77.383 0.07200276 1.79477e-06
1768096105.807 77.442 0.07205955 9.34489e-07
1768096105.817 77.501 0.07212566 9.46525e-07
1768096105.827 77.560 0.07216570 1.50292e-06
1768096105.837 77.619 0.07219829 1.16835e-06
1768096105.847 77.678 0.07222809 1.08306e-06
1768096105.857 77.737 0.07226720 6.63547e-07
1768096105.867 77.796 0.07231655 4.24939e-07
1768096105.877 77.855 0.07234634 5.05841e-07
1768096105.887 77.913 0.07239569 4.64397e-07
1768096105.897 77.972 0.07247018 4.92893e-07
1768096105.907 78.031 0.07251301 4.52079e-07
1768096105.917 78.089 0.07257913 4.22923e-07
1768096105.927 78.148 0.07261544 4.81371e-07
1768096105.937 78.206 0.07267224 5.88374e-07
1768096105.947 78.265 0.07274022 6.80656e-07
1768096105.957 78.323 0.07278956 6.65278e-07
1768096105.967 78.381 0.07285474 6.97908e-07
1768096105.977 78.440 0.07289013 8.96330e-07
1768096105.987 78.498 0.07295437 9.99859e-07
1768096105.997 78.556 0.07302235 1.27275e-06
1768096106.007 78.614 0.07307542 7.58599e-07
1768096106.017 78.672 0.07314060 1.49167e-06
1768096106.027 78.730 0.07318529 1.93994e-06
1768096106.037 78.788 0.07324302 2.04908e-06
1768096106.047 78.846 0.07330728 2.23735e-06
1768096106.057 78.904 0.07337431 2.27412e-06
1768096106.067 78.962 0.07344136 2.59039e-06
1768096106.077 79.020 0.07347115 2.40955e-06
1768096106.087 79.078 0.07353261 2.41549e-06
1768096106.097 79.136 0.07359965 1.76852e-06
1768096106.107 79.194 0.07365738 1.97802e-06
1768096106.117 79.251 0.07373094 2.33776e-06
1768096106.127 79.309 0.07378867 3.22274e-06
1768096106.137 79.367 0.07385198 4.22198e-06
1768096106.147 79.424 0.07390413 5.24500e-06
1768096106.177 79.482 0.07411084 5.32853e-06
1768096106.187 79.539 0.07418347 4.21280e-06
1768096106.197 79.597 0.07418347 3.93250e-06
1768096106.207 79.654 0.07422537 2.94556e-06
1768096106.217 79.711 0.07428869 1.81458e-06
1768096106.227 79.769 0.07433804 1.27416e-06
1768096106.237 79.826 0.07439111 7.12058e-07
1768096106.247 79.883 0.07442929 1.37343e-06
1768096106.257 79.940 0.07446840 1.80437e-06
1768096106.267 79.998 0.07457734 2.60432e-06
1768096106.277 80.055 0.07457734 2.95519e-06
1768096106.287 80.112 0.07461272 2.17974e-06
1768096106.297 80.169 0.07466580 2.59387e-06
1768096106.307 80.226 0.07470025 2.88856e-06
1768096106.317 80.283 0.07478126 2.94132e-06
1768096106.327 80.340 0.07482316 2.75958e-06
1768096106.337 80.397 0.07486134 2.01906e-06
1768096106.347 80.454 0.07492186 2.17296e-06
1768096106.357 80.510 0.07495911 8.93899e-07
1768096106.367 80.567 0.07499170 1.02616e-06
1768096106.377 80.624 0.07502149 6.42570e-07
1768096106.387 80.680 0.07508202 2.95560e-07
1768096106.397 80.737 0.07512764 8.30350e-08
1768096106.407 80.794 0.07515650 1.37312e-07
1768096106.417 80.850 0.07520120 1.05149e-07
1768096106.427 80.907 0.07523751 2.01076e-07
1768096106.437 80.963 0.07528966 1.59547e-07
1768096106.447 81.020 0.07534739 2.07461e-07
1768096106.457 81.076 0.07537718 1.81251e-07
1768096106.467 81.132 0.07544330 1.47855e-07
1768096106.477 81.189 0.07551127 2.35513e-07
1768096106.486 81.245 0.07556155 1.03033e-07
1768096106.496 81.301 0.07562208 1.96739e-07
1768096106.506 81.358 0.07565373 2.63860e-07
1768096106.516 81.414 0.07572543 2.80792e-07
1768096106.526 81.470 0.07577850 3.95085e-07
1768096106.536 81.526 0.07582878 4.20562e-07
1768096106.546 81.582 0.07590141 6.95687e-07
1768096106.556 81.638 0.07594797 1.09838e-06
1768096106.566 81.694 0.07601315 1.61009e-06
1768096106.576 81.750 0.07605598 2.02166e-06
1768096106.586 81.806 0.07613326 2.58402e-06
1768096106.596 81.862 0.07619100 1.26960e-06
1768096106.606 81.918 0.07623476 5.46220e-07
1768096106.616 81.973 0.07629901 2.85178e-06
1768096106.626 82.029 0.07634184 2.56281e-06
1768096106.636 82.085 0.07638932 1.78071e-06
1768096106.646 82.140 0.07645544 1.95089e-06
1768096106.656 82.196 0.07650665 9.45924e-07
1768096106.666 82.252 0.07657276 6.66872e-07
1768096106.676 82.307 0.07663980 5.41916e-07
1768096106.686 82.363 0.07668636 4.14287e-07
1768096106.742 82.418 0.07699363 1.46488e-07
1768096106.751 82.474 0.07704019 1.62778e-07
1768096106.760 82.529 0.07710351 2.38080e-07
1768096106.767 82.584 0.07714913 2.52246e-07
1768096106.776 82.640 0.07714913 3.42213e-07
1768096106.786 82.695 0.07718917 2.50180e-07
1768096106.796 82.750 0.07724969 3.66228e-07
1768096106.806 82.806 0.07727949 3.98190e-07
1768096106.816 82.861 0.07733815 2.61567e-07
1768096106.827 82.916 0.07742847 6.89566e-07
1768096106.836 82.971 0.07742847 6.32471e-07
1768096106.846 83.026 0.07748713 7.88112e-07
1768096106.856 83.081 0.07751507 8.03847e-07
1768096106.866 83.136 0.07755231 1.30592e-06
1768096106.876 83.191 0.07758770 1.83745e-06
1768096106.886 83.246 0.07761098 1.14463e-06
1768096106.896 83.301 0.07765846 1.99402e-06
1768096106.906 83.356 0.07767988 1.89909e-06
1768096106.916 83.411 0.07772737 1.93121e-06
1768096106.926 83.465 0.07776275 1.97824e-06
1768096106.936 83.520 0.07780093 1.91105e-06
1768096106.946 83.575 0.07784097 1.70771e-06
1768096106.956 83.630 0.07786518 1.69098e-06
1768096106.966 83.684 0.07791080 1.33257e-06
1768096106.976 83.739 0.07795084 1.36937e-06
1768096106.986 83.793 0.07798529 1.04339e-06
1768096106.996 83.848 0.07804116 1.06339e-06
1768096107.006 83.902 0.07807561 8.78732e-07
1768096107.016 83.957 0.07811472 1.18020e-06
1768096107.026 84.011 0.07816686 1.94235e-06
1768096107.036 84.066 0.07821528 2.86659e-06
1768096107.046 84.120 0.07827208 3.23527e-06
1768096107.056 84.174 0.07831119 4.38613e-06
1768096107.066 84.229 0.07836519 6.10409e-06
1768096107.076 84.283 0.07841827 8.62330e-06
1768096107.086 84.337 0.07848158 1.18727e-05
1768096107.096 84.391 0.07855421 1.53775e-05
1768096107.106 84.446 0.07859239 2.35335e-05
1768096107.116 84.500 0.07865850 3.02505e-05
1768096107.126 84.554 0.07869575 4.26201e-05
1768096107.136 84.608 0.07875162 5.99307e-05
1768096107.146 84.662 0.07883449 8.25169e-05
1768096107.156 84.716 0.07888849 9.93853e-05
1768096107.166 84.770 0.07894436 1.09655e-04
1768096107.176 84.824 0.07899278 1.33768e-04
1768096107.186 84.878 0.07905051 1.37293e-04
1768096107.196 84.931 0.07910917 1.21224e-04
1768096107.206 84.985 0.07916690 1.20525e-04
1768096107.216 85.039 0.07921625 1.09954e-04
1768096107.226 85.093 0.07926747 7.88517e-05
1768096107.236 85.146 0.07932612 6.37894e-05
1768096107.246 85.200 0.07937362 3.67349e-05
1768096107.295 85.254 0.07965295 5.22088e-06
1768096107.301 85.307 0.07968182 4.48073e-06
1768096107.308 85.361 0.07973769 3.71149e-06
1768096107.317 85.414 0.07973769 3.44732e-06
1768096107.326 85.468 0.07977586 3.04418e-06
1768096107.336 85.521 0.07982521 2.40024e-06
1768096107.346 85.575 0.07987549 2.00391e-06
1768096107.357 85.628 0.07996581 1.51466e-06
1768096107.366 85.682 0.08001330 1.21437e-06
1768096107.376 85.735 0.08001330 1.18744e-06
1768096107.386 85.788 0.08003938 9.32748e-07
1768096107.396 85.842 0.08008593 8.39224e-07
1768096107.406 85.895 0.08012131 6.87727e-07
1768096107.416 85.948 0.08015763 6.11448e-07
1768096107.426 86.001 0.08020418 5.77830e-07
1768096107.436 86.054 0.08025540 5.00221e-07
1768096107.446 86.107 0.08029357 4.50792e-07
1768096107.456 86.160 0.08030568 3.51306e-07
1768096107.466 86.214 0.08036900 3.47601e-07
1768096107.476 86.267 0.08039786 3.95085e-07
1768096107.486 86.319 0.08043417 2.79721e-07
1768096107.496 86.372 0.08047980 2.55271e-07
1768096107.506 86.425 0.08051239 2.09822e-07
1768096107.516 86.478 0.08055243 1.89244e-07
1768096107.526 86.531 0.08058968 2.09501e-07
1768096107.536 86.584 0.08062878 1.94181e-07
1768096107.546 86.637 0.08066509 1.79482e-07
1768096107.558 86.689 0.08076473 2.25890e-07
1768096107.569 86.742 0.08080663 2.22321e-07
1768096107.576 86.795 0.08080663 2.78357e-07
1768096107.586 86.847 0.08086808 2.61262e-07
1768096107.596 86.900 0.08090719 3.75657e-07
1768096107.606 86.953 0.08093326 4.16069e-07
1768096107.617 87.005 0.08106083 5.59600e-07
1768096107.626 87.058 0.08106083 5.51825e-07
1768096107.636 87.110 0.08111949 5.95559e-07
1768096107.646 87.163 0.08117908 6.46185e-07
1768096107.656 87.215 0.08123029 6.52566e-07
1768096107.666 87.268 0.08128616 5.19883e-07
1768096107.676 87.320 0.08133644 5.83162e-07
1768096107.686 87.372 0.08139604 4.07927e-07
1768096107.696 87.425 0.08144445 4.74530e-07
1768096107.706 87.477 0.08150591 2.58173e-07
1768096107.716 87.529 0.08157016 2.34326e-07
1768096107.726 87.581 0.08159716 1.47843e-07
1768096107.736 87.633 0.08166141 8.91384e-08
1768096107.746 87.686 0.08173031 1.09467e-07
1768096107.756 87.738 0.08177687 6.72460e-08
1768096107.766 87.790 0.08182343 5.17309e-08
1768096107.776 87.842 0.08186253 1.05112e-07
1768096107.786 87.894 0.08191934 5.77598e-08
1768096107.797 87.946 0.08201711 4.96478e-08
1768096107.848 87.998 0.08226572 9.91721e-08
1768096107.856 88.050 0.08226572 9.92192e-08
1768096107.866 88.102 0.08234486 2.56186e-08
1768096107.876 88.154 0.08237932 9.29490e-08
1768096107.932 88.205 0.08264562 7.29880e-08
1768096107.942 88.257 0.08268566 1.21078e-07
1768096107.948 88.309 0.08269032 7.82928e-08
1768096107.956 88.361 0.08269032 1.65281e-07
1768096107.966 88.412 0.08274804 1.17274e-07
1768096107.976 88.464 0.08277877 2.07960e-07
1768096107.986 88.516 0.08283557 2.12213e-07
1768096107.996 88.567 0.08286350 1.08280e-07
1768096108.006 88.619 0.08288026 2.65285e-07
1768096108.016 88.671 0.08291379 3.12195e-07
1768096108.026 88.722 0.08292403 3.96273e-07
1768096108.036 88.774 0.08295382 3.73947e-07
1768096108.046 88.825 0.08299572 2.75984e-07
1768096108.056 88.877 0.08301807 3.88045e-07
1768096108.066 88.928 0.08303483 3.36518e-07
1768096108.076 88.979 0.08305439 4.59437e-07
1768096108.087 89.031 0.08308511 4.74455e-07
1768096108.096 89.082 0.08308511 4.95448e-07
1768096108.106 89.133 0.08311026 4.07041e-07
1768096108.116 89.185 0.08315961 3.97568e-07
1768096108.126 89.236 0.08318381 4.49915e-07
1768096108.136 89.287 0.08320616 4.39236e-07
1768096108.146 89.338 0.08324993 2.52057e-07
1768096108.156 89.390 0.08327227 3.45775e-07
1768096108.166 89.441 0.08332069 4.20054e-07
1768096108.176 89.492 0.08336259 4.62414e-07
1768096108.186 89.543 0.08340635 4.30008e-07
1768096108.196 89.594 0.08344267 5.19103e-07
1768096108.206 89.645 0.08347619 5.43253e-07
1768096108.216 89.696 0.08355068 5.68542e-07
1768096108.226 89.747 0.08359724 7.33105e-07
1768096108.236 89.798 0.08365590 7.97534e-07
1768096108.246 89.849 0.08369780 8.02732e-07
1768096108.256 89.899 0.08374156 7.69542e-07
1768096108.266 89.950 0.08381885 8.09931e-07
1768096108.276 90.001 0.08386075 8.65950e-07
1768096108.286 90.052 0.08390545 7.94161e-07
1768096108.295 90.103 0.08397993 7.34334e-07
1768096108.306 90.153 0.08401718 6.01668e-07
1768096108.316 90.204 0.08408701 4.21772e-07
1768096108.326 90.255 0.08412333 3.83890e-07
1768096108.336 90.305 0.08418571 2.29149e-07
1768096108.346 90.356 0.08424158 1.88313e-07
1768096108.378 90.407 0.08445016 1.57145e-07
1768096108.403 90.457 0.08454700 7.60616e-08
1768096108.409 90.508 0.08462335 9.62311e-08
1768096108.415 90.558 0.08462335 4.80250e-08
1768096108.425 90.609 0.08466246 1.21287e-07
1768096108.435 90.659 0.08471087 6.09879e-08
1768096108.445 90.709 0.08476395 9.98958e-08
1768096108.455 90.760 0.08481144 9.19573e-08
1768096108.465 90.810 0.08486637 1.32791e-07
1768096108.476 90.860 0.08492224 2.03918e-07
1768096108.485 90.911 0.08492224 1.57882e-07
1768096108.495 90.961 0.08496880 2.46778e-07
1768096108.505 91.011 0.08501629 9.97320e-08
1768096108.515 91.062 0.08505912 2.40161e-07
1768096108.525 91.112 0.08507960 3.73818e-07
1768096108.535 91.162 0.08512523 2.43795e-07
1768096108.545 91.212 0.08516061 3.04359e-07
1768096108.555 91.262 0.08518110 2.73864e-07
1768096108.565 91.312 0.08523138 2.41016e-07
1768096108.575 91.362 0.08523883 2.98322e-07
1768096108.585 91.412 0.08526862 2.24474e-07
1768096108.595 91.462 0.08530028 2.68449e-07
1768096108.605 91.512 0.08534777 2.29922e-07
1768096108.615 91.562 0.08540178 1.24899e-07
1768096108.625 91.612 0.08540829 1.66644e-07
1768096108.635 91.662 0.08545485 9.46484e-08
1768096108.645 91.712 0.08550513 1.46203e-07
1768096108.655 91.762 0.08553400 6.76946e-08
1768096108.665 91.811 0.08559080 7.41978e-08
1768096108.675 91.861 0.08562059 1.39323e-07
1768096108.723 91.911 0.08584686 9.42467e-08
1768096108.730 91.961 0.08591763 1.84600e-09
1768096108.736 92.010 0.08597443 3.59926e-08
1768096108.745 92.060 0.08597443 6.44309e-08
1768096108.755 92.110 0.08601446 2.59121e-08
1768096108.765 92.159 0.08607778 5.01649e-08
1768096108.775 92.209 0.08611037 8.66251e-08
1768096108.823 92.258 0.08635619 7.03718e-08
1768096108.829 92.308 0.08640274 -7.65100e-10
1768096108.877 92.358 0.08660480 6.54820e-08
1768096108.885 92.407 0.08660480 2.01337e-08
1768096108.895 92.456 0.08663553 6.62183e-08
1768096108.905 92.506 0.08665509 2.02684e-08
1768096108.950 92.555 0.08680127 5.82710e-09
1768096108.957 92.605 0.08681989 7.26787e-08
1768096108.965 92.654 0.08681989 2.14828e-08
1768096108.975 92.703 0.08682641 1.08593e-07
1768096108.985 92.753 0.08687763 3.57192e-08
1768096108.997 92.802 0.08689904 9.21447e-08
1768096109.005 92.851 0.08689904 8.28812e-08
1768096109.015 92.900 0.08694280 1.05927e-07
1768096109.025 92.950 0.08693815 1.44361e-07
1768096109.035 92.999 0.08696422 5.38212e-08
1768096109.045 93.048 0.08698378 1.25033e-07
1768096109.055 93.097 0.08699216 1.09102e-07
1768096109.065 93.146 0.08702847 1.05965e-07
1768096109.075 93.195 0.08704337 1.94935e-07
1768096109.085 93.244 0.08707502 1.26917e-07
1768096109.095 93.293 0.08709179 2.01658e-07
1768096109.105 93.342 0.08711134 1.40037e-07
1768096109.115 93.391 0.08714765 1.82141e-07
1768096109.125 93.440 0.08717372 2.12713e-07
1768096109.135 93.489 0.08720818 8.09548e-08
1768096109.145 93.538 0.08724542 1.53906e-07
1768096109.157 93.587 0.08731712 2.00548e-07
1768096109.165 93.636 0.08735716 1.49657e-07
1768096109.175 93.684 0.08735716 2.10204e-07
1768096109.185 93.733 0.08740185 1.41695e-07
1768096109.195 93.782 0.08745400 1.65230e-07
1768096109.205 93.831 0.08747821 1.26918e-07
1768096109.215 93.879 0.08753873 7.81010e-08
1768096109.225 93.928 0.08758249 1.29004e-07
1768096109.235 93.977 0.08763371 3.38129e-08
1768096109.245 94.025 0.08768119 9.23287e-08
1768096109.255 94.074 0.08772030 4.38939e-08
1768096109.324 94.123 0.08809276 6.91442e-08
1768096109.330 94.171 0.08814024 1.71987e-08
1768096109.335 94.220 0.08818493 3.44948e-08
1768096109.345 94.268 0.08818493 7.53282e-08
1768096109.355 94.317 0.08823429 3.89093e-08
1768096109.365 94.365 0.08829108 6.95290e-08
1768096109.375 94.414 0.08832647 1.06226e-07
1768096109.385 94.462 0.08837489 3.57312e-08
1768096109.395 94.510 0.08842796 8.36689e-08
1768096109.405 94.559 0.08847173 5.02523e-08
1768096109.415 94.607 0.08852108 8.52389e-08
1768096109.425 94.655 0.08853411 1.13205e-07
1768096109.435 94.704 0.08857694 4.29476e-08
1768096109.445 94.752 0.08860860 1.49285e-07
1768096109.455 94.800 0.08863840 4.68398e-08
1768096109.501 94.848 0.08875479 6.37690e-08
1768096109.508 94.896 0.08879390 1.15931e-07
1768096109.515 94.945 0.08879390 1.18112e-07
1768096109.525 94.993 0.08881531 7.20730e-08
1768096109.535 95.041 0.08883952 5.67980e-08
1768096109.545 95.089 0.08888608 8.14600e-08
1768096109.555 95.137 0.08890098 5.38954e-08
1768096109.565 95.185 0.08893450 9.36611e-08
1768096109.575 95.233 0.08896151 1.41086e-07
1768096109.624 95.281 0.08914959 8.90080e-08
1768096109.675 95.329 0.08937958 1.28223e-07
1768096109.685 95.377 0.08943173 6.65954e-08
1768096109.695 95.425 0.08943173 1.35078e-07
1768096109.705 95.473 0.08945314 1.14939e-07
1768096109.715 95.521 0.08950343 1.16726e-07
1768096109.726 95.569 0.08957140 1.88684e-07
1768096109.735 95.616 0.08959933 1.79455e-07
1768096109.745 95.664 0.08959933 2.60429e-07
1768096109.755 95.712 0.08961796 2.48660e-07
1768096109.765 95.760 0.08964589 2.63716e-07
1768096109.775 95.807 0.08965892 3.64523e-07
1768096109.785 95.855 0.08968686 3.91279e-07
1768096109.795 95.903 0.08971013 4.44100e-07
1768096109.805 95.950 0.08973435 4.58742e-07
1768096109.815 95.998 0.08976693 6.56207e-07
1768096109.825 96.046 0.08977438 7.86914e-07
1768096109.835 96.093 0.08980325 8.36128e-07
1768096109.845 96.141 0.08982932 9.86086e-07
1768096109.855 96.188 0.08985167 1.07640e-06
1768096109.865 96.236 0.08986843 1.34812e-06
1768096109.875 96.283 0.08988053 1.60673e-06
1768096109.885 96.331 0.08990567 1.64966e-06
1768096109.895 96.378 0.08994851 1.88515e-06
1768096109.905 96.426 0.08997458 2.41600e-06
1768096109.915 96.473 0.09001648 2.35829e-06
1768096109.925 96.520 0.09001648 3.05429e-06
1768096109.935 96.568 0.09008259 3.13510e-06
1768096109.945 96.615 0.09011797 3.69498e-06
1768096109.955 96.662 0.09016359 5.32903e-06
1768096109.965 96.710 0.09022319 5.32956e-06
1768096109.975 96.757 0.09024833 5.55906e-06
1768096109.985 96.804 0.09030141 7.01755e-06
1768096109.995 96.851 0.09035541 8.38345e-06
1768096110.005 96.899 0.09040383 7.17823e-06
1768096110.053 96.946 0.09065896 6.89690e-06
1768096110.058 96.993 0.09071203 6.83092e-06
1768096110.064 97.040 0.09071203 5.64446e-06
1768096110.074 97.087 0.09073904 5.28255e-06
1768096110.085 97.134 0.09079397 4.13992e-06
1768096110.094 97.181 0.09087219 3.17270e-06
1768096110.104 97.228 0.09091595 2.94841e-06
1768096110.114 97.275 0.09096065 1.58402e-06
1768096110.124 97.322 0.09099882 1.24344e-06
1768096110.134 97.369 0.09106028 9.15300e-07
1768096110.144 97.416 0.09110311 5.43783e-07
1768096110.154 97.463 0.09113291 5.06244e-07
1768096110.164 97.510 0.09118412 3.67705e-07
1768096110.174 97.557 0.09121857 3.51020e-07
1768096110.184 97.604 0.09126047 2.65195e-07
1768096110.194 97.651 0.09130796 3.18800e-07
1768096110.204 97.697 0.09133869 2.21687e-07
1768096110.214 97.744 0.09136941 2.71808e-07
1768096110.225 97.791 0.09140480 2.39944e-07
1768096110.234 97.838 0.09140480 1.46524e-07
1768096110.244 97.884 0.09145136 1.73897e-07
1768096110.254 97.931 0.09147091 1.45906e-07
1768096110.264 97.978 0.09150816 1.71144e-07
1768096110.274 98.024 0.09153143 1.63101e-07
1768096110.284 98.071 0.09155844 7.86384e-08
1768096110.294 98.118 0.09159196 1.32266e-07
1768096110.304 98.164 0.09162548 8.66418e-08
1768096110.314 98.211 0.09167576 1.25195e-07
1768096110.324 98.257 0.09170370 1.24341e-07
1768096110.334 98.304 0.09174746 4.56980e-08
1768096110.344 98.350 0.09178005 9.56353e-08
1768096110.354 98.397 0.09182661 4.54455e-08
1768096110.364 98.443 0.09188899 8.45170e-08
1768096110.374 98.490 0.09191040 9.12851e-08
1768096110.384 98.536 0.09196441 2.49996e-08
1768096110.394 98.582 0.09200445 7.47719e-08
1768096110.404 98.629 0.09203611 4.81965e-08
1768096110.414 98.675 0.09210408 6.03880e-08
1768096110.424 98.721 0.09214970 1.04418e-07
1768096110.434 98.768 0.09219254 4.17122e-08
1768096110.444 98.814 0.09225213 9.83956e-08
1768096110.454 98.860 0.09229869 1.85428e-08
1768096110.464 98.906 0.09236387 5.72217e-08
1768096110.474 98.953 0.09239273 9.93710e-08
1768096110.484 98.999 0.09243836 2.68304e-08
1768096110.494 99.045 0.09248119 8.27371e-08
1768096110.504 99.091 0.09252309 3.91398e-08
1768096110.514 99.137 0.09259014 7.57282e-08
1768096110.554 99.183 0.09281826 5.77401e-09
1768096110.584 99.229 0.09289089 1.34846e-08
1768096110.608 99.276 0.09303894 -9.57681e-09
1768096110.622 99.322 0.09306688 3.79220e-09
1768096110.628 99.368 0.09310505 -5.09705e-08
1768096110.634 99.414 0.09310505 -4.29537e-08
1768096110.644 99.460 0.09316464 -8.91190e-09
1768096110.654 99.505 0.09319816 -4.95806e-08
1768096110.705 99.551 0.09337974 1.54701e-08
1768096110.715 99.597 0.09339463 -3.07020e-08
1768096110.756 99.643 0.09349985 -9.23648e-09
1768096110.764 99.689 0.09349985 -1.17365e-08
1768096110.774 99.735 0.09349240 -1.27799e-08
1768096110.784 99.781 0.09353617 -1.28042e-08
1768096110.794 99.827 0.09354734 -8.24830e-10
1768096110.804 99.872 0.09355106 -1.68522e-08
1768096110.814 99.918 0.09359483 5.20996e-09
1768096110.824 99.964 0.09360786 -8.74564e-09
1768096110.834 100.010 0.09364045 -5.15364e-09
1768096110.844 100.055 0.09366373 8.91931e-09
1768096110.854 100.101 0.09366187 -4.22676e-09
1768096110.864 100.147 0.09370750 1.99797e-08
1768096110.874 100.192 0.09370377 7.83574e-09
1768096110.884 100.238 0.09372798 1.20436e-08
1768096110.897 100.283 0.09378478 3.37700e-10
1768096110.904 100.329 0.09378478 5.75713e-08
1768096110.914 100.375 0.09380247 4.47660e-08
1768096110.979 100.420 0.09401290 -4.65000e-09
1768096111.031 100.466 0.09422427 -2.45160e-09
1768096111.037 100.511 0.09426618 7.44046e-08
1768096111.044 100.557 0.09426618 5.27774e-08
1768096111.092 100.602 0.09445612 6.20047e-08
1768096111.164 100.647 0.09461256 6.28180e-09
1768096111.170 100.693 0.09460976 9.05898e-08
1768096111.176 100.738 0.09463211 6.94992e-08
1768096111.224 100.784 0.09468239 7.29127e-08
1768096111.234 100.829 0.09468239 2.95147e-08
1768096111.244 100.874 0.09468705 6.97270e-08
1768096111.254 100.920 0.09469264 3.85032e-08
1768096111.264 100.965 0.09470102 7.25604e-08
1768096111.274 101.010 0.09468984 9.17411e-08
1768096111.326 101.055 0.09478202 9.18360e-08
1768096111.335 101.101 0.09479506 5.06310e-08
1768096111.344 101.146 0.09479506 9.61857e-08
1768096111.354 101.191 0.09478295 5.35741e-08
1768096111.364 101.236 0.09483231 9.49163e-08
1768096111.374 101.281 0.09483789 1.09490e-07
1768096111.384 101.326 0.09486210 4.82750e-08
1768096111.394 101.372 0.09488445 8.88136e-08
1768096111.404 101.417 0.09489003 4.78726e-08
1768096111.414 101.462 0.09493008 1.03030e-07
1768096111.424 101.507 0.09495521 1.13548e-07
1768096111.434 101.552 0.09498780 5.27000e-08
1768096111.444 101.597 0.09500922 9.87386e-08
1768096111.454 101.642 0.09503716 7.56304e-08
1768096111.464 101.687 0.09508743 1.04846e-07
1768096111.474 101.732 0.09511257 1.12228e-07
1768096111.484 101.777 0.09514144 3.34374e-08
1768096111.494 101.822 0.09516472 9.71538e-08
1768096111.504 101.866 0.09517869 9.52312e-08
1768096111.514 101.911 0.09522059 1.68090e-07
1768096111.524 101.956 0.09527180 2.08594e-07
1768096111.534 102.001 0.09532022 1.56815e-07
1768096111.544 102.046 0.09536026 2.61159e-07
1768096111.554 102.091 0.09542171 4.08354e-07
1768096111.564 102.135 0.09542171 3.03690e-07
1768096111.574 102.180 0.09546362 5.10299e-07
1768096111.584 102.225 0.09549993 4.87247e-07
1768096111.594 102.270 0.09554090 5.04600e-07
1768096111.604 102.314 0.09559025 8.45182e-07
1768096111.614 102.359 0.09561632 9.87773e-07
1768096111.624 102.404 0.09564146 1.26156e-06
1768096111.634 102.448 0.09571130 1.48011e-06
1768096111.644 102.493 0.09574854 1.96076e-06
1768096111.654 102.537 0.09577740 2.60831e-06
1768096111.664 102.582 0.09584910 3.44526e-06
1768096111.692 102.627 0.09596456 4.48856e-06
1768096111.703 102.671 0.09601485 1.42308e-05
1768096111.709 102.716 0.09607071 1.70911e-05
1768096111.714 102.760 0.09609492 1.99765e-05
1768096111.724 102.805 0.09609492 2.60564e-05
1768096111.734 102.849 0.09615917 2.87106e-05
1768096111.744 102.893 0.09618245 3.90008e-05
1768096111.754 102.938 0.09622528 4.71553e-05
1768096111.764 102.982 0.09626718 6.01085e-05
1768096111.773 103.027 0.09630163 7.75792e-05
1768096111.783 103.071 0.09636402 8.16410e-05
1768096111.794 103.115 0.09639847 9.99915e-05
1768096111.804 103.160 0.09643385 9.83564e-05
1768096111.813 103.204 0.09649810 1.14316e-04
1768096111.824 103.248 0.09651393 1.25877e-04
1768096111.833 103.293 0.09654187 1.35230e-04
1768096111.843 103.337 0.09659122 1.46664e-04
1768096111.853 103.381 0.09662660 1.87906e-04
1768096111.863 103.425 0.09667968 1.80791e-04
1768096111.873 103.469 0.09670109 1.59064e-04
1768096111.883 103.514 0.09675230 1.46379e-04
1768096111.893 103.558 0.09677279 1.46151e-04
1768096111.903 103.602 0.09678769 1.38346e-04
1768096111.913 103.646 0.09684821 1.31887e-04
1768096111.923 103.690 0.09688080 1.20822e-04
1768096111.933 103.734 0.09692736 1.17460e-04
1768096111.943 103.778 0.09696274 9.37960e-05
1768096111.953 103.822 0.09700371 8.00835e-05
1768096111.963 103.866 0.09705585 7.18646e-05
1768096111.973 103.910 0.09708751 5.81261e-05
1768096111.983 103.954 0.09713407 4.45086e-05
1768096111.993 103.998 0.09717038 3.80983e-05
1768096112.003 104.042 0.09720390 3.29533e-05
1768096112.013 104.086 0.09724115 1.85505e-05
1768096112.023 104.130 0.09726722 1.07525e-05
1768096112.033 104.174 0.09732309 8.83119e-06
1768096112.043 104.218 0.09737337 6.42693e-06
1768096112.053 104.262 0.09740875 4.48504e-06
1768096112.063 104.305 0.09747207 3.57543e-06
1768096112.073 104.349 0.09750373 3.67642e-06
1768096112.083 104.393 0.09754190 4.34470e-06
1768096112.093 104.437 0.09758381 2.72592e-06
1768096112.103 104.481 0.09764060 2.14877e-06
1768096112.113 104.524 0.09768530 2.10919e-06
1768096112.123 104.568 0.09771137 2.10466e-06
1768096112.133 104.612 0.09776351 1.72506e-06
1768096112.143 104.655 0.09780728 1.98865e-06
1768096112.153 104.699 0.09784918 1.20403e-06
1768096112.163 104.743 0.09789946 1.19404e-06
1768096112.173 104.786 0.09793671 1.15380e-06
1768096112.183 104.830 0.09797488 9.59518e-07
1768096112.193 104.874 0.09801027 1.04277e-06
1768096112.203 104.917 0.09804658 7.84574e-07
1768096112.251 104.961 0.09825981 6.46493e-07
1768096112.258 105.004 0.09830264 4.60188e-07
1768096112.264 105.048 0.09832592 3.45781e-07
1768096112.273 105.091 0.09832592 3.65483e-07
1768096112.283 105.135 0.09839203 2.30780e-07
1768096112.293 105.178 0.09843114 2.70940e-07
1768096112.303 105.222 0.09845349 1.87853e-07
1768096112.313 105.265 0.09849352 2.31224e-07
1768096112.327 105.309 0.09859409 1.49679e-07
1768096112.335 105.352 0.09862854 2.01733e-07
1768096112.343 105.395 0.09862854 1.48410e-07
1768096112.353 105.439 0.09865834 9.58376e-08
1768096112.363 105.482 0.09869558 1.34931e-07
1768096112.373 105.525 0.09872165 1.03767e-07
1768096112.383 105.569 0.09876728 4.83840e-08
1768096112.393 105.612 0.09876449 1.05557e-07
1768096112.403 105.655 0.09880359 5.09227e-08
1768096112.413 105.699 0.09884549 8.94277e-08
1768096112.423 105.742 0.09887343 8.75299e-08
1768096112.433 105.785 0.09891440 1.87326e-08
1768096112.443 105.828 0.09893581 9.23165e-08
1768096112.453 105.871 0.09894978 6.13970e-08
1768096112.463 105.915 0.09899634 8.24779e-08
1768096112.473 105.958 0.09902148 7.40985e-08
1768096112.483 106.001 0.09906803 9.54040e-09
1768096112.493 106.044 0.09910435 9.33659e-08
1768096112.503 106.087 0.09913135 3.16338e-08
1768096112.513 106.130 0.09916208 1.01788e-07
1768096112.523 106.173 0.09918815 5.27969e-08
1768096112.533 106.216 0.09924123 7.04180e-09
1768096112.543 106.259 0.09930082 7.42368e-08
1768096112.553 106.302 0.09933062 2.85260e-08
1768096112.563 106.345 0.09936134 6.78557e-08
1768096112.573 106.388 0.09940603 6.53931e-08
1768096112.583 106.431 0.09945818 -1.26210e-09
1768096112.593 106.474 0.09948891 6.55903e-08
1768096112.634 106.517 0.09972635 -6.00172e-09
1768096112.644 106.560 0.09972635 7.49513e-09
1768096112.653 106.603 0.09976732 -1.66785e-08
1768096112.663 106.646 0.09980549 -3.00466e-09
1768096112.677 106.689 0.09990140 -1.91162e-08
1768096112.683 106.732 0.09990140 -5.39317e-08
1768096112.731 106.774 0.10011184 -6.57774e-08
1768096112.738 106.817 0.10014535 2.20210e-09
1768096112.826 106.860 0.10039490 1.19980e-08
1768096112.833 106.903 0.10039490 -2.45265e-08
1768096112.843 106.946 0.10041724 1.55527e-08
1768096112.853 106.988 0.10044612 -1.94501e-08
1768096112.894 107.031 0.10053271 1.61983e-08
1768096112.903 107.074 0.10053271 -4.94516e-09
1768096112.913 107.116 0.10052805 1.76716e-08
1768096112.923 107.159 0.10053085 3.62310e-09
1768096112.933 107.202 0.10056064 1.59210e-10
1768096112.943 107.244 0.10055785 1.45894e-08
1768096112.953 107.287 0.10056809 -3.56448e-09
1768096112.963 107.330 0.10058764 1.88505e-08
1768096112.973 107.372 0.10057926 1.01094e-08
1768096112.983 107.415 0.10059602 4.56337e-09
1768096112.993 107.457 0.10061651 1.55709e-08
1768096113.003 107.500 0.10063699 -1.75318e-09
1768096113.013 107.542 0.10065655 1.90316e-08
1768096113.023 107.585 0.10063792 2.99003e-09
1768096113.033 107.627 0.10068914 4.34397e-09
1768096113.043 107.670 0.10071987 1.32606e-08
1768096113.053 107.712 0.10073477 -2.14762e-09
1768096113.063 107.755 0.10074873 1.84102e-08
1768096113.073 107.797 0.10075618 2.57301e-09
1768096113.083 107.839 0.10079063 6.29208e-09
1768096113.093 107.882 0.10082601 1.35544e-08
1768096113.103 107.924 0.10086606 -3.40837e-09
1768096113.113 107.967 0.10090982 1.84029e-08
1768096113.123 108.009 0.10091913 1.86778e-09
1768096113.133 108.051 0.10096662 1.10550e-09
1768096113.143 108.093 0.10102435 1.32923e-08
1768096113.153 108.136 0.10106438 -2.23411e-09
1768096113.163 108.178 0.10111653 1.94010e-08
1768096113.173 108.220 0.10113888 1.55773e-09
1768096113.183 108.263 0.10119195 1.19277e-08
1768096113.193 108.305 0.10121430 1.55343e-08
1768096113.203 108.347 0.10125340 3.53375e-09
1768096113.216 108.389 0.10135677 -1.78900e-10
1768096113.223 108.431 0.10135677 4.28106e-08
1768096113.272 108.473 0.10157744 7.09136e-08
1768096113.281 108.516 0.10163145 3.16210e-08
1768096113.290 108.558 0.10167986 5.80486e-08
1768096113.363 108.600 0.10197875 8.11467e-08
1768096113.373 108.642 0.10197875 1.70091e-07
1768096113.383 108.684 0.10203184 1.10502e-07
1768096113.393 108.726 0.10204860 1.74242e-07
1768096113.407 108.768 0.10209236 1.99108e-07
1768096113.416 108.810 0.10210167 1.41037e-07
1768096113.426 108.852 0.10213705 2.04165e-07
1768096113.434 108.894 0.10216686 2.03751e-07
1768096113.445 108.936 0.10216964 1.67434e-07
1768096113.453 108.978 0.10216964 1.83777e-07
1768096113.463 109.020 0.10219758 2.08168e-07
1768096113.473 109.062 0.10219758 2.55780e-07
1768096113.483 109.104 0.10221993 4.05130e-07
1768096113.493 109.146 0.10221807 3.06341e-07
1768096113.503 109.188 0.10221993 2.82454e-07
1768096113.513 109.229 0.10225531 2.90027e-07
1768096113.523 109.271 0.10227114 3.14004e-07
1768096113.533 109.313 0.10226834 3.43840e-07
1768096113.543 109.355 0.10229628 4.23838e-07
1768096113.552 109.397 0.10230838 3.36717e-07
1768096113.562 109.438 0.10233538 3.29301e-07
1768096113.572 109.480 0.10234842 3.03311e-07
1768096113.582 109.522 0.10237821 2.80291e-07
1768096113.592 109.564 0.10241454 4.17875e-07
1768096113.602 109.605 0.10243688 2.80981e-07
1768096113.612 109.647 0.10246761 3.78511e-07
1768096113.622 109.689 0.10248995 3.32437e-07
1768096113.632 109.730 0.10252627 2.99384e-07
1768096113.642 109.772 0.10256258 3.32788e-07
1768096113.652 109.814 0.10260634 3.22976e-07
1768096113.662 109.855 0.10267432 3.69035e-07
1768096113.672 109.897 0.10270970 3.27831e-07
1768096113.682 109.939 0.10275812 4.44468e-07
1768096113.692 109.980 0.10279629 4.05385e-07
1768096113.702 110.022 0.10283726 2.55065e-07
