1768096481.235 33.800 0.03263160 5.15107e-08
1768096481.285 33.935 0.03260739 5.16554e-08
1768096481.335 34.070 0.03259529 4.95717e-08
1768096481.385 34.204 0.03262043 4.85526e-08
1768096481.436 34.337 0.03269306 4.11397e-08
1768096481.486 34.470 0.03279641 3.89296e-08
1768096481.536 34.602 0.03294167 3.51666e-08
1768096481.587 34.734 0.03310462 2.35766e-08
1768096481.636 34.866 0.03321915 2.23326e-08
1768096481.704 34.997 0.03336906 -1.63516e-08
1768096481.785 35.127 0.03352735 4.87058e-08
1768096481.834 35.257 0.03360091 1.04092e-07
1768096481.841 35.386 0.03361767 7.56454e-08
1768096481.847 35.515 0.03364281 1.57679e-07
1768096481.855 35.644 0.03364281 1.18181e-07
1768096481.865 35.772 0.03363257 2.74292e-07
1768096481.875 35.899 0.03365212 2.59067e-07
1768096481.885 36.026 0.03366982 4.00834e-07
1768096481.895 36.153 0.03369310 5.25088e-07
1768096481.905 36.279 0.03371265 6.49268e-07
1768096481.915 36.405 0.03371730 8.56908e-07
1768096481.925 36.530 0.03373593 9.76447e-07
1768096481.935 36.655 0.03374896 1.38687e-06
1768096481.945 36.780 0.03376759 1.60595e-06
1768096481.955 36.904 0.03380111 2.01661e-06
1768096481.965 37.028 0.03381321 2.62202e-06
1768096481.975 37.151 0.03385232 2.98591e-06
1768096481.985 37.274 0.03389236 3.64374e-06
1768096481.995 37.396 0.03395195 4.46379e-06
1768096482.005 37.518 0.03399851 5.51953e-06
1768096482.015 37.640 0.03403948 5.79097e-06
1768096482.025 37.761 0.03413259 4.45058e-06
1768096482.035 37.882 0.03419777 3.43298e-06
1768096482.045 38.002 0.03426854 6.86980e-07
1768096482.055 38.123 0.03439424 2.34559e-07
1768096482.065 38.242 0.03447152 1.01035e-07
1768096482.075 38.362 0.03458419 -4.03200e-09
1768096482.085 38.481 0.03470431 6.96244e-08
1768096482.133 38.599 0.03538404 4.59917e-08
1768096482.183 38.718 0.03606283 5.01203e-08
1768096482.234 38.835 0.03670159 5.02770e-08
1768096482.283 38.953 0.03711781 4.63705e-08
1768096482.356 39.070 0.03725189 6.97200e-10
1768096482.365 39.187 0.03725189 7.01290e-08
1768096482.374 39.303 0.03725282 -9.73840e-09
1768096482.384 39.420 0.03723141 6.11740e-08
1768096482.450 39.535 0.03715226 5.23387e-08
1768096482.500 39.651 0.03717461 5.21606e-08
1768096482.550 39.766 0.03734407 5.14609e-08
1768096482.618 39.881 0.03766718 5.15351e-08
1768096482.669 39.995 0.03786178 5.69710e-08
1768096482.719 40.109 0.03798097 5.02777e-08
1768096482.769 40.223 0.03804149 5.40133e-08
1768096482.819 40.337 0.03811133 4.70271e-08
1768096482.893 40.450 0.03821468 1.09710e-08
1768096482.900 40.563 0.03822865 4.76960e-08
1768096482.948 40.675 0.03830966 4.94122e-08
1768096482.998 40.787 0.03841953 4.65306e-08
1768096483.048 40.899 0.03855082 4.52105e-08
1768096483.098 41.011 0.03867466 4.41658e-08
1768096483.148 41.122 0.03878733 4.43245e-08
1768096483.198 41.233 0.03891676 4.36384e-08
1768096483.249 41.344 0.03902663 4.21336e-08
1768096483.299 41.454 0.03910299 4.22285e-08
1768096483.349 41.565 0.03920541 4.26041e-08
1768096483.429 41.674 0.03935253 6.08079e-08
1768096483.435 41.784 0.03937767 4.66738e-08
1768096483.483 41.893 0.03945961 5.46542e-08
1768096483.534 42.002 0.03955924 5.32200e-08
1768096483.584 42.111 0.03965515 5.28604e-08
1768096483.634 42.219 0.03976223 5.38676e-08
1768096483.732 42.327 0.03999594 4.24014e-08
1768096483.782 42.435 0.04011885 5.00129e-08
1768096483.833 42.543 0.04019334 4.83153e-08
1768096483.884 42.650 0.04024176 5.11785e-08
1768096483.958 42.757 0.04033767 5.05676e-08
1768096483.968 42.864 0.04037212 5.39423e-08
1768096484.016 42.971 0.04045220 4.59047e-08
1768096484.068 43.077 0.04055649 5.58462e-08
1768096484.119 43.183 0.04067101 4.68664e-08
1768096484.169 43.289 0.04079113 3.01706e-08
1768096484.219 43.394 0.04091404 2.18426e-08
1768096484.270 43.499 0.04102857 2.08797e-08
1768096484.320 43.604 0.04111051 1.38844e-08
1768096484.369 43.709 0.04120735 1.69278e-08
1768096484.420 43.813 0.04128370 -2.87820e-09
1768096484.499 43.918 0.04142244 4.49358e-08
1768096484.548 44.022 0.04153604 4.82506e-08
1768096484.554 44.125 0.04154163 -1.12431e-08
1768096484.603 44.229 0.04163102 -4.35140e-09
1768096484.654 44.332 0.04171668 -7.22580e-09
1768096484.704 44.435 0.04179769 -9.11460e-09
1768096484.754 44.538 0.04190663 -1.05476e-08
1768096484.804 44.640 0.04205934 -1.15667e-08
1768096484.854 44.743 0.04216269 -1.22800e-08
1768096484.904 44.845 0.04227257 -1.33918e-08
1768096484.954 44.947 0.04234799 -1.34003e-08
1768096485.029 45.048 0.04249697 -1.38932e-08
1768096485.038 45.149 0.04251094 2.74605e-08
1768096485.086 45.251 0.04258450 2.11448e-08
1768096485.156 45.352 0.04270741 1.12024e-08
1768096485.163 45.452 0.04274000 6.36611e-08
1768096485.173 45.553 0.04274000 4.73120e-09
1768096485.183 45.653 0.04275303 6.56675e-08
1768096485.231 45.753 0.04283963 5.79386e-08
1768096485.237 45.853 0.04287687 -1.63554e-08
1768096485.286 45.952 0.04299606 2.72079e-08
1768096485.336 46.052 0.04315901 4.01195e-08
1768096485.386 46.151 0.04336106 3.89951e-08
1768096485.436 46.250 0.04356684 3.86661e-08
1768096485.486 46.349 0.04370558 3.76756e-08
1768096485.565 46.447 0.04386574 4.42024e-08
1768096485.631 46.545 0.04391416 5.01693e-08
1768096485.638 46.644 0.04392067 -1.24748e-08
1768096485.687 46.741 0.04396816 -1.02113e-08
1768096485.737 46.839 0.04404079 -1.09469e-08
1768096485.787 46.937 0.04412645 -1.13847e-08
1768096485.837 47.034 0.04423726 -1.08470e-08
1768096485.887 47.131 0.04436017 -1.05084e-08
1768096485.937 47.228 0.04448960 -1.05607e-08
1768096485.988 47.325 0.04456874 -1.07355e-08
1768096486.038 47.421 0.04466000 -1.04041e-08
1768096486.103 47.517 0.04477359 4.64220e-09
1768096486.153 47.614 0.04485833 -3.45000e-09
1768096486.223 47.709 0.04494120 8.80180e-09
1768096486.232 47.805 0.04494120 6.58622e-08
1768096486.280 47.901 0.04505386 6.28199e-08
1768096486.287 47.996 0.04507062 -1.16412e-08
1768096486.335 48.091 0.04513394 4.67752e-08
1768096486.386 48.186 0.04522985 4.59534e-08
1768096486.435 48.281 0.04537324 4.54502e-08
1768096486.485 48.376 0.04551664 4.36241e-08
1768096486.535 48.470 0.04564420 4.26232e-08
1768096486.586 48.564 0.04574942 -9.64800e-09
1768096486.663 48.658 0.04588816 6.40004e-08
1768096486.672 48.752 0.04588816 2.72032e-08
1768096486.720 48.846 0.04596172 -1.32197e-08
1768096486.770 48.939 0.04603249 -4.04600e-10
1768096486.820 49.033 0.04608836 -1.29416e-08
1768096486.870 49.126 0.04619637 -7.08700e-09
1768096486.921 49.219 0.04630065 -1.26111e-08
1768096486.971 49.311 0.04641146 -7.13460e-09
1768096487.021 49.404 0.04650178 -1.34427e-08
1768096487.072 49.497 0.04660327 -7.89330e-09
1768096487.121 49.589 0.04667218 -1.30012e-08
1768096487.199 49.681 0.04681092 4.31084e-08
1768096487.247 49.773 0.04687237 6.81753e-08
1768096487.254 49.865 0.04688727 -1.25946e-08
1768096487.303 49.956 0.04696921 4.20690e-09
1768096487.353 50.048 0.04704091 -1.91100e-09
1768096487.403 50.139 0.04713123 -4.13960e-09
1768096487.453 50.230 0.04723365 -7.20690e-09
1768096487.503 50.321 0.04734725 -8.57080e-09
1768096487.554 50.412 0.04745899 -1.07202e-08
1768096487.604 50.502 0.04755768 -1.22797e-08
1768096487.656 50.593 0.04762659 9.08100e-08
1768096487.663 50.683 0.04765452 1.99059e-07
1768096487.672 50.773 0.04766849 1.77942e-07
1768096487.682 50.863 0.04766849 2.73073e-07
1768096487.692 50.953 0.04768898 2.90271e-07
1768096487.702 51.042 0.04768991 3.79050e-07
1768096487.751 51.132 0.04777091 7.43575e-07
1768096487.758 51.221 0.04777929 1.25257e-06
1768096487.766 51.310 0.04781002 1.28607e-06
1768096487.772 51.399 0.04783796 1.70655e-06
1768096487.781 51.488 0.04783796 1.96944e-06
1768096487.791 51.577 0.04785658 2.35658e-06
1768096487.801 51.666 0.04789103 2.99554e-06
1768096487.812 51.754 0.04790500 3.88668e-06
1768096487.822 51.842 0.04793945 5.09805e-06
1768096487.832 51.930 0.04796087 5.83669e-06
1768096487.842 52.018 0.04800835 8.55725e-06
1768096487.851 52.106 0.04806515 9.93416e-06
1768096487.861 52.194 0.04810798 1.21441e-05
1768096487.871 52.281 0.04815640 1.28386e-05
1768096487.881 52.369 0.04819365 1.62726e-05
1768096487.891 52.456 0.04825697 1.66242e-05
1768096487.901 52.543 0.04832215 1.57584e-05
1768096487.911 52.630 0.04838267 1.22301e-05
1768096487.921 52.717 0.04845716 9.57437e-06
1768096487.931 52.803 0.04852234 5.46804e-06
1768096487.941 52.890 0.04861266 1.99908e-06
1768096487.951 52.976 0.04868250 8.41827e-07
1768096487.961 53.062 0.04875047 4.15820e-07
1768096487.971 53.148 0.04886407 3.65177e-07
1768096487.981 53.234 0.04894228 1.24419e-07
1768096487.991 53.320 0.04903353 4.57608e-08
1768096488.001 53.406 0.04913689 6.77235e-08
1768096488.049 53.491 0.04960525 6.48682e-08
1768096488.117 53.577 0.05024773 5.50488e-08
1768096488.167 53.662 0.05056990 6.18913e-08
1768096488.217 53.747 0.05078034 5.67148e-08
1768096488.304 53.832 0.05079431 -1.30620e-09
1768096488.353 53.917 0.05076079 2.52026e-08
1768096488.361 54.002 0.05076079 2.58587e-08
1768096488.371 54.086 0.05076451 7.83656e-08
1768096488.381 54.171 0.05075148 4.83090e-08
1768096488.391 54.255 0.05076637 9.28480e-09
1768096488.401 54.339 0.05076451 8.06974e-08
1768096488.411 54.423 0.05076172 2.95248e-08
1768096488.421 54.507 0.05079244 7.51036e-08
1768096488.431 54.591 0.05079803 4.01907e-08
1768096488.441 54.675 0.05080362 1.23215e-08
1768096488.451 54.758 0.05081666 1.00371e-07
1768096488.461 54.842 0.05082597 5.88742e-08
1768096488.471 54.925 0.05086135 1.27595e-07
1768096488.481 55.008 0.05087066 1.29774e-07
1768096488.491 55.091 0.05090139 1.34924e-07
1768096488.501 55.174 0.05093491 2.94676e-07
1768096488.511 55.257 0.05096843 3.71495e-07
1768096488.521 55.340 0.05101498 5.38659e-07
1768096488.531 55.422 0.05103734 4.88515e-07
1768096488.541 55.505 0.05110344 1.20806e-06
1768096488.551 55.587 0.05116025 1.94450e-06
1768096488.561 55.669 0.05121239 2.95136e-06
1768096488.571 55.751 0.05127477 4.87609e-06
1768096488.581 55.833 0.05133995 7.13528e-06
1768096488.591 55.915 0.05143400 1.39957e-05
1768096488.601 55.997 0.05151035 2.52264e-05
1768096488.611 56.078 0.05159229 3.30117e-05
1768096488.621 56.160 0.05167888 2.82239e-05
1768096488.631 56.241 0.05173848 3.77559e-05
1768096488.641 56.322 0.05182787 3.07596e-05
1768096488.651 56.403 0.05191353 1.74923e-05
1768096488.661 56.484 0.05200757 5.04539e-06
1768096488.671 56.565 0.05210627 1.73363e-06
1768096488.681 56.646 0.05218635 1.30765e-06
1768096488.691 56.727 0.05228599 1.65229e-06
1768096488.701 56.807 0.05237538 1.44093e-06
1768096488.711 56.888 0.05246570 1.46725e-06
1768096488.721 56.968 0.05256719 8.25009e-07
1768096488.731 57.048 0.05264820 2.24050e-07
1768096488.741 57.128 0.05274876 1.03202e-07
1768096488.751 57.208 0.05284001 9.98417e-08
1768096488.761 57.288 0.05292102 8.92074e-08
1768096488.771 57.368 0.05302251 1.16939e-07
1768096488.781 57.447 0.05308490 1.33102e-07
1768096488.791 57.527 0.05317429 8.37707e-08
1768096488.801 57.606 0.05325437 1.51103e-07
1768096488.811 57.686 0.05333816 9.24163e-08
1768096488.861 57.765 0.05371062 1.90619e-07
1768096488.888 57.844 0.05389684 2.44872e-07
1768096488.897 57.923 0.05396110 1.02202e-07
1768096488.903 58.002 0.05401976 2.52638e-08
1768096488.911 58.080 0.05401976 5.73365e-08
1768096488.921 58.159 0.05409797 1.15440e-07
1768096488.931 58.238 0.05415570 5.07694e-08
1768096488.941 58.316 0.05422460 3.22040e-08
1768096488.951 58.394 0.05427675 1.08654e-07
1768096488.998 58.473 0.05454212 7.12656e-08
1768096489.051 58.551 0.05478794 1.64787e-07
1768096489.061 58.629 0.05483264 1.33972e-07
1768096489.071 58.707 0.05483264 1.72889e-07
1768096489.081 58.785 0.05486243 1.12742e-07
1768096489.091 58.862 0.05491179 9.20320e-08
1768096489.101 58.940 0.05494344 1.61812e-07
1768096489.111 59.017 0.05498162 7.98322e-08
1768096489.121 59.095 0.05502352 1.07947e-07
1768096489.131 59.172 0.05505145 4.05097e-08
1768096489.141 59.249 0.05509335 3.90266e-08
1768096489.151 59.326 0.05512874 1.25059e-07
1768096489.161 59.403 0.05516971 2.77087e-07
1768096489.171 59.480 0.05519578 7.78068e-07
1768096489.181 59.557 0.05521347 1.44647e-06
1768096489.191 59.634 0.05526841 2.51772e-06
1768096489.201 59.710 0.05530938 3.72755e-06
1768096489.211 59.787 0.05534104 4.76742e-06
1768096489.221 59.863 0.05537828 8.92517e-06
1768096489.231 59.940 0.05538573 1.06736e-05
1768096489.241 60.016 0.05543602 1.81681e-05
1768096489.251 60.092 0.05548164 2.98211e-05
1768096489.261 60.168 0.05552912 3.77877e-05
1768096489.271 60.244 0.05558593 5.99711e-05
1768096489.281 60.320 0.05564272 7.17486e-05
1768096489.291 60.396 0.05570046 1.18971e-04
1768096489.301 60.471 0.05575632 1.46057e-04
1768096489.311 60.547 0.05580009 1.12991e-04
1768096489.321 60.622 0.05589134 1.48020e-04
1768096489.331 60.698 0.05595279 9.82484e-05
1768096489.341 60.773 0.05605056 8.87259e-05
1768096489.351 60.848 0.05611109 4.02248e-05
1768096489.361 60.923 0.05617999 9.36316e-06
1768096489.393 60.998 0.05654778 3.01881e-06
1768096489.423 61.073 0.05678150 2.87838e-07
1768096489.431 61.148 0.05678150 1.35109e-07
1768096489.444 61.222 0.05696773 4.70621e-07
1768096489.451 61.297 0.05696773 5.34209e-07
1768096489.461 61.372 0.05705060 8.24589e-07
1768096489.471 61.446 0.05713999 1.46065e-06
1768096489.480 61.520 0.05719865 2.53221e-06
1768096489.490 61.595 0.05729269 4.08449e-06
1768096489.500 61.669 0.05738208 4.46034e-06
1768096489.510 61.743 0.05743050 4.24913e-06
1768096489.520 61.817 0.05749661 3.79707e-06
1768096489.530 61.891 0.05754410 2.61212e-06
1768096489.540 61.965 0.05760742 6.90842e-07
1768096489.550 62.038 0.05765584 5.68361e-07
1768096489.560 62.112 0.05770612 3.47554e-07
1768096489.570 62.186 0.05775174 2.88517e-07
1768096489.581 62.259 0.05781227 3.72315e-07
1768096489.590 62.332 0.05781227 3.16702e-07
1768096489.601 62.406 0.05788676 2.37787e-07
1768096489.612 62.479 0.05795380 2.95312e-07
1768096489.620 62.552 0.05795380 1.88179e-07
1768096489.630 62.625 0.05797894 1.22981e-07
1768096489.640 62.698 0.05803015 9.50760e-08
1768096489.650 62.771 0.05806553 1.32191e-07
1768096489.660 62.844 0.05810744 8.64247e-08
1768096489.670 62.916 0.05817634 1.43118e-07
1768096489.680 62.989 0.05821452 1.04247e-07
1768096489.702 63.062 0.05837281 9.65192e-08
1768096489.711 63.134 0.05844637 2.84138e-07
1768096489.720 63.206 0.05844637 2.41569e-07
1768096489.730 63.279 0.05850131 2.14641e-07
1768096489.740 63.351 0.05858045 4.23426e-07
1768096489.750 63.423 0.05865029 1.92827e-07
1768096489.764 63.495 0.05880299 3.42599e-07
1768096489.771 63.567 0.05886818 8.13550e-08
1768096489.780 63.639 0.05886818 2.59567e-07
1768096489.790 63.711 0.05895942 1.93939e-07
1768096489.800 63.782 0.05901064 3.20153e-07
1768096489.810 63.854 0.05910282 4.09174e-07
1768096489.820 63.926 0.05917358 7.24977e-07
1768096489.830 63.997 0.05924156 1.04131e-06
1768096489.840 64.068 0.05933747 8.50364e-07
1768096489.850 64.140 0.05940637 1.17758e-06
1768096489.860 64.211 0.05946038 8.98106e-07
1768096489.870 64.282 0.05954976 7.00309e-07
1768096489.880 64.353 0.05964288 2.21718e-07
1768096489.890 64.424 0.05971644 1.16084e-07
1768096489.900 64.495 0.05975648 1.92259e-07
1768096489.910 64.566 0.05983748 1.26725e-07
1768096489.949 64.637 0.06008889 6.17077e-07
1768096489.955 64.707 0.06015500 3.01625e-07
1768096489.961 64.778 0.06022204 4.87706e-07
1768096489.970 64.849 0.06022204 5.72339e-07
1768096489.980 64.919 0.06026767 5.29148e-07
1768096489.990 64.989 0.06034309 4.97113e-07
1768096490.000 65.060 0.06039896 5.63789e-07
1768096490.010 65.130 0.06046414 9.47047e-07
1768096490.020 65.200 0.06051815 4.28294e-07
1768096490.030 65.270 0.06056470 1.25319e-06
1768096490.040 65.340 0.06064757 1.48381e-06
1768096490.050 65.410 0.06069692 2.21089e-06
1768096490.060 65.480 0.06075000 4.79916e-06
1768096490.070 65.550 0.06079935 7.85497e-06
1768096490.080 65.619 0.06085615 1.27831e-05
1768096490.090 65.689 0.06092691 1.90591e-05
1768096490.100 65.759 0.06097347 3.19189e-05
1768096490.110 65.828 0.06102189 3.75029e-05
1768096490.120 65.897 0.06108521 6.59842e-05
1768096490.130 65.967 0.06110941 8.12198e-05
1768096490.140 66.036 0.06117180 1.05735e-04
1768096490.150 66.105 0.06122953 1.06364e-04
1768096490.160 66.174 0.06129937 8.46020e-05
1768096490.170 66.243 0.06134778 8.23879e-05
1768096490.180 66.312 0.06139899 6.10480e-05
1768096490.190 66.381 0.06147162 4.00557e-05
1768096490.200 66.450 0.06153122 1.08599e-05
1768096490.210 66.519 0.06158615 4.01621e-06
1768096490.220 66.588 0.06165506 2.16417e-06
1768096490.230 66.656 0.06170254 1.22006e-06
1768096490.240 66.725 0.06178542 6.69198e-07
1768096490.250 66.793 0.06185060 5.94474e-07
1768096490.260 66.862 0.06191298 3.13676e-07
1768096490.270 66.930 0.06198654 2.52132e-07
1768096490.280 66.998 0.06203496 2.09782e-07
1768096490.290 67.066 0.06211131 3.37392e-07
1768096490.300 67.135 0.06217277 3.33102e-07
1768096490.311 67.203 0.06234782 9.37586e-07
1768096490.320 67.271 0.06234782 6.03912e-07
1768096490.330 67.339 0.06239997 1.72717e-06
1768096490.340 67.406 0.06247259 1.42637e-06
1768096490.350 67.474 0.06252195 1.03694e-06
1768096490.360 67.542 0.06260016 2.09275e-06
1768096490.370 67.610 0.06267744 1.06196e-06
1768096490.380 67.677 0.06272027 1.17051e-06
1768096490.390 67.745 0.06279570 4.67512e-07
1768096490.400 67.812 0.06293816 6.82970e-07
1768096490.410 67.879 0.06293816 4.54855e-07
1768096490.420 67.947 0.06300986 3.91803e-07
1768096490.430 68.014 0.06306387 4.48088e-07
1768096490.440 68.081 0.06313742 3.41693e-07
1768096490.450 68.148 0.06319888 1.51339e-07
1768096490.480 68.215 0.06337579 1.12303e-07
1768096490.489 68.282 0.06344656 9.46401e-08
1768096490.500 68.349 0.06350429 2.00793e-07
1768096490.505 68.416 0.06357040 1.77244e-07
1768096490.513 68.483 0.06363000 3.56938e-07
1768096490.520 68.550 0.06363000 4.54062e-07
1768096490.530 68.616 0.06367376 5.88201e-07
1768096490.540 68.683 0.06376687 8.90859e-07
1768096490.550 68.749 0.06381156 1.28228e-06
1768096490.560 68.816 0.06388606 2.06776e-06
1768096490.570 68.882 0.06397917 3.33084e-06
1768096490.580 68.949 0.06397917 4.25500e-06
1768096490.590 69.015 0.06407135 4.77125e-06
1768096490.600 69.081 0.06411977 4.61772e-06
1768096490.610 69.147 0.06415981 4.06467e-06
1768096490.620 69.213 0.06421195 3.87952e-06
1768096490.630 69.279 0.06425385 2.94387e-06
1768096490.640 69.345 0.06432369 1.76509e-06
1768096490.650 69.411 0.06437863 1.25595e-06
1768096490.660 69.477 0.06442705 1.22196e-06
1768096490.670 69.543 0.06449595 6.69948e-07
1768096490.680 69.608 0.06452109 1.95692e-06
1768096490.690 69.674 0.06459372 2.39974e-06
1768096490.700 69.740 0.06466262 1.47783e-06
1768096490.710 69.805 0.06473432 2.61546e-06
1768096490.720 69.871 0.06479484 1.79244e-06
1768096490.730 69.936 0.06483302 1.94553e-06
1768096490.740 70.001 0.06490751 1.46841e-06
1768096490.750 70.067 0.06496152 7.68675e-07
1768096490.760 70.132 0.06501552 4.39309e-07
1768096490.770 70.197 0.06508722 6.09464e-07
1768096490.780 70.262 0.06514215 6.55840e-07
1768096490.790 70.327 0.06521478 5.89362e-07
1768096490.800 70.392 0.06527252 3.03416e-07
1768096490.811 70.457 0.06541032 4.11232e-07
1768096490.820 70.522 0.06541032 4.26434e-07
1768096490.830 70.587 0.06546619 2.78208e-07
1768096490.840 70.651 0.06554254 2.56188e-07
1768096490.850 70.716 0.06560772 1.06365e-07
1768096490.860 70.781 0.06568035 8.42837e-08
1768096490.870 70.845 0.06573622 1.46162e-07
1768096490.880 70.910 0.06579674 6.96736e-08
1768096490.890 70.974 0.06587403 9.40389e-08
1768096490.900 71.039 0.06593176 1.44284e-07
1768096490.910 71.103 0.06600625 7.39779e-08
1768096490.920 71.167 0.06608446 7.25229e-08
1768096490.930 71.231 0.06612636 6.72954e-08
1768096490.940 71.296 0.06618037 8.49920e-08
1768096490.950 71.360 0.06624555 1.39531e-07
1768096490.960 71.424 0.06629676 1.19839e-07
1768096490.970 71.488 0.06636288 2.69316e-07
1768096490.982 71.552 0.06647182 2.53570e-07
1768096491.022 71.615 0.06671577 1.28251e-07
1768096491.030 71.679 0.06671577 5.04893e-07
1768096491.040 71.743 0.06678654 5.10066e-07
1768096491.050 71.807 0.06681634 5.84264e-07
1768096491.061 71.870 0.06697277 1.47067e-06
1768096491.070 71.934 0.06697277 9.53124e-07
1768096491.080 71.997 0.06701095 2.86756e-06
1768096491.090 72.061 0.06705843 2.97717e-06
1768096491.100 72.124 0.06710126 1.41137e-06
1768096491.110 72.188 0.06717669 2.58522e-06
1768096491.120 72.251 0.06722138 2.75394e-06
1768096491.130 72.314 0.06726514 2.19290e-06
1768096491.140 72.377 0.06735360 1.32909e-06
1768096491.150 72.440 0.06739364 6.75826e-07
1768096491.160 72.504 0.06743833 5.96699e-07
1768096491.170 72.567 0.06747930 3.85029e-07
1768096491.180 72.630 0.06751562 3.03103e-07
1768096491.190 72.692 0.06758639 2.86720e-07
1768096491.200 72.755 0.06761897 3.96225e-07
1768096491.210 72.818 0.06765808 5.58491e-07
1768096491.220 72.881 0.06769812 7.59960e-07
1768096491.230 72.944 0.06774561 1.84417e-06
1768096491.240 73.006 0.06780520 2.91011e-06
1768096491.249 73.069 0.06783872 4.51588e-06
1768096491.260 73.131 0.06789179 5.76264e-06
1768096491.269 73.194 0.06795046 9.51362e-06
1768096491.279 73.256 0.06798211 1.37387e-05
1768096491.289 73.319 0.06803892 1.95240e-05
1768096491.299 73.381 0.06807337 2.90972e-05
1768096491.309 73.443 0.06813017 3.85978e-05
1768096491.319 73.505 0.06819628 5.55469e-05
1768096491.329 73.568 0.06825215 7.74160e-05
1768096491.339 73.630 0.06831360 1.10368e-04
1768096491.349 73.692 0.06837319 1.41153e-04
1768096491.359 73.754 0.06844582 1.54966e-04
1768096491.369 73.816 0.06851193 1.53367e-04
1768096491.379 73.878 0.06856222 1.44522e-04
1768096491.389 73.940 0.06864601 1.17719e-04
1768096491.399 74.001 0.06870933 1.01322e-04
1768096491.409 74.063 0.06875775 6.27313e-05
1768096491.419 74.125 0.06882479 2.88242e-05
1768096491.429 74.186 0.06889277 1.14019e-05
1768096491.439 74.248 0.06896539 7.11101e-06
1768096491.449 74.310 0.06902499 5.79995e-06
1768096491.459 74.371 0.06908923 3.07340e-06
1768096491.469 74.432 0.06915721 2.03356e-06
1768096491.479 74.494 0.06920656 1.43703e-06
1768096491.489 74.555 0.06928012 1.08279e-06
1768096491.499 74.617 0.06932760 9.21172e-07
1768096491.509 74.678 0.06939465 4.31282e-07
1768096491.519 74.739 0.06943748 9.54338e-07
1768096491.529 74.800 0.06950173 6.15544e-07
1768096491.579 74.861 0.06980062 1.44941e-06
1768096491.586 74.922 0.06987139 1.31515e-06
1768096491.592 74.983 0.06990957 2.25192e-06
1768096491.599 75.044 0.06990957 2.22277e-06
1768096491.609 75.105 0.06996450 1.91730e-06
1768096491.619 75.166 0.07001385 8.31291e-07
1768096491.629 75.227 0.07005575 1.19013e-06
1768096491.639 75.287 0.07012652 8.80879e-07
1768096491.649 75.348 0.07017866 3.73006e-07
1768096491.659 75.409 0.07024477 2.03334e-07
1768096491.670 75.469 0.07032019 2.25661e-07
1768096491.679 75.530 0.07032019 1.86762e-07
1768096491.690 75.590 0.07043658 3.82872e-07
1768096491.699 75.651 0.07043658 2.25213e-07
1768096491.709 75.711 0.07046080 4.99961e-07
1768096491.719 75.772 0.07050828 7.41445e-07
1768096491.729 75.832 0.07054366 5.69865e-07
1768096491.739 75.892 0.07059488 1.27367e-06
1768096491.749 75.952 0.07062002 1.08785e-06
1768096491.759 76.013 0.07066751 1.87202e-06
1768096491.769 76.073 0.07071872 4.33859e-07
1768096491.779 76.133 0.07074386 1.91640e-06
1768096491.789 76.193 0.07079880 8.42917e-07
1768096491.799 76.253 0.07083232 1.56174e-06
1768096491.809 76.313 0.07089284 5.95735e-07
1768096491.819 76.373 0.07095243 1.27428e-06
1768096491.829 76.432 0.07099899 2.24541e-07
1768096491.839 76.492 0.07105113 5.67786e-07
1768096491.849 76.552 0.07109676 3.70098e-07
1768096491.859 76.612 0.07114983 1.65216e-07
1768096491.869 76.671 0.07120942 1.87017e-07
1768096491.879 76.731 0.07125598 1.41845e-07
1768096491.889 76.790 0.07132023 2.25883e-07
1768096491.900 76.850 0.07144594 3.59820e-07
1768096491.909 76.909 0.07144594 1.85253e-07
1768096491.919 76.969 0.07148691 2.22015e-07
1768096491.930 77.028 0.07162751 4.84187e-07
1768096491.939 77.087 0.07162751 3.04746e-07
1768096491.949 77.147 0.07167406 2.19536e-07
1768096491.959 77.206 0.07174297 3.96787e-07
1768096491.969 77.265 0.07179604 1.17907e-06
1768096491.979 77.324 0.07185656 7.00115e-07
1768096491.993 77.383 0.07198879 2.23210e-06
1768096491.999 77.442 0.07198879 1.14378e-06
1768096492.009 77.501 0.07205210 3.28795e-06
1768096492.019 77.560 0.07211728 2.19892e-06
1768096492.029 77.619 0.07216384 8.98410e-07
1768096492.039 77.678 0.07225882 2.63103e-06
1768096492.049 77.737 0.07230444 1.05665e-06
1768096492.059 77.796 0.07235379 1.25541e-06
1768096492.069 77.855 0.07241059 5.57097e-07
1768096492.079 77.913 0.07248043 6.22010e-07
1768096492.108 77.972 0.07263407 7.48851e-07
1768096492.133 78.031 0.07279981 6.18734e-07
1768096492.139 78.089 0.07279981 1.08307e-06
1768096492.149 78.148 0.07284357 1.21948e-06
1768096492.159 78.206 0.07292178 4.47266e-07
1768096492.169 78.265 0.07296461 1.37555e-06
1768096492.188 78.323 0.07306425 1.68096e-06
1768096492.194 78.381 0.07312012 8.74478e-07
1768096492.205 78.440 0.07316481 9.51440e-07
1768096492.215 78.498 0.07320671 3.21228e-06
1768096492.220 78.556 0.07325234 3.55132e-06
1768096492.229 78.614 0.07325234 3.64324e-06
1768096492.239 78.672 0.07330821 4.15000e-06
1768096492.249 78.730 0.07333241 1.15855e-06
1768096492.259 78.788 0.07339387 1.94727e-06
1768096492.269 78.846 0.07344788 3.68485e-06
1768096492.279 78.904 0.07347581 2.19261e-06
1768096492.289 78.962 0.07352422 3.54902e-06
1768096492.299 79.020 0.07356054 1.58309e-06
1768096492.309 79.078 0.07361175 2.37060e-06
1768096492.319 79.136 0.07364248 2.58577e-06
1768096492.329 79.194 0.07366483 2.54200e-06
1768096492.339 79.251 0.07371790 3.56366e-06
1768096492.349 79.309 0.07375515 4.41740e-06
1768096492.359 79.367 0.07379891 5.22131e-06
1768096492.369 79.424 0.07383802 6.03320e-06
1768096492.379 79.482 0.07387806 6.15704e-06
1768096492.389 79.539 0.07394137 6.40221e-06
1768096492.399 79.597 0.07398328 5.87496e-06
1768096492.409 79.654 0.07403542 5.55601e-06
1768096492.419 79.711 0.07410060 5.03771e-06
1768096492.429 79.769 0.07413412 4.29622e-06
1768096492.439 79.826 0.07419837 3.30449e-06
1768096492.449 79.883 0.07424865 2.39388e-06
1768096492.459 79.940 0.07430266 1.54982e-06
1768096492.469 79.998 0.07436504 1.39567e-06
1768096492.479 80.055 0.07442929 1.43866e-06
1768096492.489 80.112 0.07448236 1.90051e-06
1768096492.499 80.169 0.07454289 2.02564e-06
1768096492.509 80.226 0.07460993 3.56924e-06
1768096492.519 80.283 0.07467045 2.55625e-06
1768096492.529 80.340 0.07472073 4.52957e-06
1768096492.539 80.397 0.07479988 5.24950e-07
1768096492.549 80.454 0.07484457 3.48528e-06
1768096492.559 80.510 0.07490696 3.65242e-06
1768096492.569 80.567 0.07497401 2.32043e-06
1768096492.579 80.624 0.07502522 1.49889e-06
1768096492.589 80.680 0.07508202 8.15118e-07
1768096492.599 80.737 0.07521796 1.43633e-07
1768096492.609 80.794 0.07521796 1.34529e-07
1768096492.619 80.850 0.07525614 2.26388e-07
1768096492.629 80.907 0.07531759 1.79715e-07
1768096492.666 80.963 0.07552989 2.28498e-07
1768096492.677 81.020 0.07558017 2.74238e-07
1768096492.682 81.076 0.07564163 2.97148e-07
1768096492.689 81.132 0.07564163 1.29484e-07
1768096492.699 81.189 0.07567142 1.72616e-07
1768096492.709 81.245 0.07573195 3.45410e-08
1768096492.720 81.301 0.07583158 3.47307e-07
1768096492.729 81.358 0.07583158 2.23800e-07
1768096492.739 81.414 0.07587907 7.15974e-07
1768096492.749 81.470 0.07592003 1.73440e-07
1768096492.759 81.526 0.07597777 6.05432e-07
1768096492.769 81.582 0.07602246 2.16025e-06
1768096492.779 81.638 0.07606250 2.37366e-06
1768096492.789 81.694 0.07613047 4.26470e-07
1768096492.799 81.750 0.07615840 3.25129e-06
1768096492.809 81.806 0.07620496 1.44234e-06
1768096492.819 81.862 0.07623197 2.68336e-06
1768096492.829 81.918 0.07627759 2.50088e-06
1768096492.839 81.973 0.07634184 2.78645e-06
1768096492.849 82.029 0.07635301 2.36240e-06
1768096492.859 82.085 0.07641819 1.76196e-06
1768096492.869 82.140 0.07645730 1.43317e-06
1768096492.879 82.196 0.07648151 1.08995e-06
1768096492.889 82.252 0.07653552 6.91938e-07
1768096492.899 82.307 0.07659138 5.60497e-07
1768096492.909 82.363 0.07663980 4.14768e-07
1768096492.919 82.418 0.07668729 3.68803e-07
1768096492.929 82.474 0.07672640 2.73604e-07
1768096492.939 82.529 0.07677947 2.42444e-07
1768096492.949 82.584 0.07681765 1.77638e-07
1768096492.959 82.640 0.07689121 8.88825e-08
1768096492.969 82.695 0.07694894 1.44503e-07
1768096492.979 82.750 0.07699829 9.41997e-08
1768096492.989 82.806 0.07703833 1.67427e-07
1768096492.999 82.861 0.07708675 1.96341e-07
1768096493.008 82.916 0.07715472 9.89537e-08
1768096493.018 82.971 0.07721990 2.26524e-07
1768096493.031 83.026 0.07732419 1.39815e-07
1768096493.041 83.081 0.07736329 2.99153e-07
1768096493.048 83.136 0.07736329 3.87217e-07
1768096493.058 83.191 0.07743127 1.72622e-07
1768096493.068 83.246 0.07748528 3.34301e-07
1768096493.079 83.301 0.07761656 1.00121e-06
1768096493.088 83.356 0.07761656 7.08353e-07
1768096493.098 83.411 0.07766684 6.30755e-07
1768096493.109 83.465 0.07777579 1.27970e-06
1768096493.118 83.520 0.07777579 1.48284e-06
1768096493.128 83.575 0.07783073 1.10908e-06
1768096493.138 83.630 0.07790242 1.22879e-06
1768096493.148 83.684 0.07795270 6.83524e-07
1768096493.158 83.739 0.07800950 1.12256e-06
1768096493.168 83.793 0.07805047 1.19232e-06
1768096493.198 83.848 0.07820038 1.00382e-06
1768096493.211 83.902 0.07829536 2.81047e-06
1768096493.218 83.957 0.07829536 3.47758e-06
1768096493.228 84.011 0.07833633 4.25133e-06
1768096493.238 84.066 0.07839313 5.50090e-06
1768096493.248 84.120 0.07844434 6.93603e-06
1768096493.258 84.174 0.07850021 9.94188e-06
1768096493.268 84.229 0.07853932 1.32023e-05
1768096493.278 84.283 0.07858401 1.92271e-05
1768096493.289 84.337 0.07867433 3.02495e-05
1768096493.298 84.391 0.07867433 4.07644e-05
1768096493.308 84.446 0.07873299 4.75299e-05
1768096493.318 84.500 0.07878327 7.00488e-05
1768096493.328 84.554 0.07882052 7.67353e-05
1768096493.338 84.608 0.07886614 1.01748e-04
1768096493.348 84.662 0.07891456 1.14010e-04
1768096493.358 84.716 0.07896019 1.28068e-04
1768096493.368 84.770 0.07898905 1.49806e-04
1768096493.378 84.824 0.07902071 1.37561e-04
1768096493.388 84.878 0.07907286 1.39851e-04
1768096493.398 84.931 0.07909986 1.23129e-04
1768096493.408 84.985 0.07915480 1.16428e-04
1768096493.418 85.039 0.07920508 9.75406e-05
1768096493.428 85.093 0.07925256 7.93412e-05
1768096493.438 85.146 0.07931681 6.11808e-05
1768096493.448 85.200 0.07935033 4.04217e-05
1768096493.458 85.254 0.07940155 2.51577e-05
1768096493.469 85.307 0.07948163 1.28556e-05
1768096493.478 85.361 0.07948163 9.55056e-06
1768096493.488 85.414 0.07953842 7.47095e-06
1768096493.498 85.468 0.07958032 5.68891e-06
1768096493.508 85.521 0.07963526 4.68919e-06
1768096493.518 85.575 0.07968740 4.06411e-06
1768096493.528 85.628 0.07972465 3.49516e-06
1768096493.538 85.682 0.07979914 3.05529e-06
1768096493.548 85.735 0.07982242 2.33688e-06
1768096493.558 85.788 0.07988480 2.04356e-06
1768096493.568 85.842 0.07993788 1.83293e-06
1768096493.578 85.895 0.07999375 1.55779e-06
1768096493.588 85.948 0.08005800 1.27125e-06
1768096493.598 86.001 0.08008221 1.22866e-06
1768096493.608 86.054 0.08014739 9.94996e-07
1768096493.618 86.107 0.08019394 7.92296e-07
1768096493.628 86.160 0.08025726 6.40443e-07
1768096493.638 86.214 0.08032896 6.23383e-07
1768096493.648 86.267 0.08037738 4.99757e-07
1768096493.658 86.319 0.08044255 3.96647e-07
1768096493.668 86.372 0.08047515 3.65439e-07
1768096493.678 86.425 0.08051518 3.06224e-07
1768096493.688 86.478 0.08057757 3.53717e-07
1768096493.698 86.531 0.08063158 2.40889e-07
1768096493.708 86.584 0.08070141 1.96788e-07
1768096493.757 86.637 0.08094723 8.58110e-08
1768096493.769 86.689 0.08102824 1.70071e-07
1768096493.781 86.742 0.08108597 3.27964e-07
1768096493.792 86.795 0.08112787 3.75100e-07
1768096493.798 86.847 0.08112787 2.47407e-07
1768096493.809 86.900 0.08123215 4.46411e-07
1768096493.818 86.953 0.08123215 2.74952e-07
1768096493.828 87.005 0.08126475 3.26958e-07
1768096493.838 87.058 0.08131689 4.78779e-07
1768096493.848 87.110 0.08135134 2.12133e-07
1768096493.858 87.163 0.08141000 2.51229e-07
1768096493.868 87.215 0.08144538 1.91193e-07
1768096493.879 87.268 0.08152174 2.01219e-07
1768096493.888 87.320 0.08152174 1.10652e-07
1768096493.898 87.372 0.08155433 1.48157e-07
1768096493.908 87.425 0.08159251 7.66198e-08
1768096493.918 87.477 0.08162882 1.23422e-07
1768096493.928 87.529 0.08165303 6.48222e-08
1768096493.938 87.581 0.08169773 8.77474e-08
1768096493.948 87.633 0.08171635 6.18490e-08
1768096493.958 87.686 0.08176290 4.06305e-08
1768096493.968 87.738 0.08178059 1.01221e-07
1768096493.978 87.790 0.08181505 6.84309e-08
1768096493.988 87.842 0.08188767 9.17256e-08
1768096493.998 87.894 0.08191747 5.82137e-08
1768096494.008 87.946 0.08195286 4.62486e-08
1768096494.018 87.998 0.08196682 1.06223e-07
1768096494.028 88.050 0.08200966 5.92933e-08
1768096494.038 88.102 0.08206925 8.05724e-08
1768096494.048 88.154 0.08210463 5.81584e-08
1768096494.058 88.205 0.08216143 2.50693e-08
1768096494.068 88.257 0.08220054 9.04395e-08
1768096494.078 88.309 0.08224244 4.17377e-08
1768096494.088 88.361 0.08230110 7.28417e-08
1768096494.098 88.412 0.08235231 3.41535e-08
1768096494.108 88.464 0.08242028 1.24064e-08
1768096494.118 88.516 0.08244728 8.35675e-08
1768096494.166 88.567 0.08272849 9.54016e-08
1768096494.172 88.619 0.08277598 4.64384e-08
1768096494.178 88.671 0.08284395 1.30058e-07
1768096494.188 88.722 0.08284395 1.02412e-07
1768096494.198 88.774 0.08289330 1.16530e-07
1768096494.208 88.825 0.08295662 8.39741e-08
1768096494.218 88.877 0.08300318 2.48202e-07
1768096494.230 88.928 0.08311305 2.76189e-07
1768096494.238 88.979 0.08311305 1.25067e-07
1768096494.248 89.031 0.08315029 2.51895e-07
1768096494.258 89.082 0.08320244 2.00678e-07
1768096494.287 89.133 0.08332814 3.31585e-07
1768096494.311 89.185 0.08344547 3.70095e-07
1768096494.318 89.236 0.08344547 4.04520e-07
1768096494.328 89.287 0.08347433 3.79767e-07
1768096494.338 89.338 0.08352647 4.92310e-07
1768096494.348 89.390 0.08354137 5.54153e-07
1768096494.358 89.441 0.08358141 6.38639e-07
1768096494.368 89.492 0.08361586 7.74320e-07
1768096494.378 89.543 0.08364752 8.12732e-07
1768096494.388 89.594 0.08369315 8.65557e-07
1768096494.398 89.645 0.08370804 8.18335e-07
1768096494.408 89.696 0.08374063 9.74112e-07
1768096494.418 89.747 0.08377229 9.58577e-07
1768096494.428 89.798 0.08380861 8.75302e-07
1768096494.438 89.849 0.08384213 9.23664e-07
1768096494.448 89.899 0.08387192 7.87365e-07
1768096494.458 89.950 0.08391196 7.07221e-07
1768096494.468 90.001 0.08395107 7.00983e-07
1768096494.478 90.052 0.08396690 6.49684e-07
1768096494.488 90.103 0.08400973 5.60852e-07
1768096494.498 90.153 0.08404418 4.28601e-07
1768096494.508 90.204 0.08409632 3.04376e-07
1768096494.518 90.255 0.08412333 2.97715e-07
1768096494.528 90.305 0.08418944 1.58076e-07
1768096494.538 90.356 0.08423320 1.78259e-07
1768096494.548 90.407 0.08424810 1.05859e-07
1768096494.558 90.457 0.08430397 6.60957e-08
1768096494.568 90.508 0.08434680 1.23209e-07
1768096494.578 90.558 0.08437567 6.37396e-08
1768096494.588 90.609 0.08444364 9.73403e-08
1768096494.598 90.659 0.08447995 5.44885e-08
1768096494.608 90.709 0.08454979 2.98834e-08
1768096494.618 90.760 0.08459914 1.03418e-07
1768096494.628 90.810 0.08464290 5.03930e-08
1768096494.638 90.860 0.08469318 1.02007e-07
1768096494.648 90.911 0.08472857 5.38216e-08
1768096494.658 90.961 0.08479933 5.47283e-08
1768096494.668 91.011 0.08484496 1.31108e-07
1768096494.678 91.062 0.08489897 9.86090e-08
1768096494.688 91.112 0.08496228 1.55796e-07
1768096494.698 91.162 0.08499207 1.17388e-07
1768096494.708 91.212 0.08507774 1.37681e-07
1768096494.718 91.262 0.08513827 2.20292e-07
1768096494.728 91.312 0.08517830 8.96978e-08
1768096494.738 91.362 0.08522672 1.86743e-07
1768096494.749 91.412 0.08532449 2.22139e-07
1768096494.758 91.462 0.08532449 1.77081e-07
1768096494.767 91.512 0.08536639 1.22844e-07
1768096494.777 91.562 0.08542785 1.67922e-07
1768096494.787 91.612 0.08547441 1.54422e-07
1768096494.798 91.662 0.08550886 1.48171e-07
1768096494.807 91.712 0.08557031 1.37629e-07
1768096494.838 91.762 0.08572953 1.70011e-07
1768096494.848 91.811 0.08572953 1.28246e-07
1768096494.857 91.861 0.08578634 4.49172e-08
1768096494.867 91.911 0.08581892 1.08610e-07
1768096494.877 91.961 0.08587200 3.77830e-08
1768096494.887 92.010 0.08592973 6.89179e-08
1768096494.897 92.060 0.08595673 2.97855e-08
1768096494.907 92.110 0.08601633 1.73683e-08
1768096494.917 92.159 0.08604891 8.36567e-08
1768096494.927 92.209 0.08610292 2.16864e-08
1768096494.937 92.258 0.08615227 6.89499e-08
1768096494.947 92.308 0.08618113 1.92291e-08
1768096494.957 92.358 0.08624166 2.21064e-08
1768096494.967 92.407 0.08627425 8.01998e-08
1768096495.015 92.456 0.08645955 5.96515e-08
1768096495.066 92.506 0.08666998 5.91141e-08
1768096495.115 92.555 0.08683758 6.84895e-08
1768096495.121 92.605 0.08687111 7.70800e-09
1768096495.127 92.654 0.08687111 4.18988e-08
1768096495.137 92.703 0.08692977 6.89677e-08
1768096495.147 92.753 0.08693908 4.16492e-08
1768096495.157 92.802 0.08698564 3.30278e-08
1768096495.167 92.851 0.08700798 9.82279e-08
1768096495.177 92.900 0.08704802 6.47342e-08
1768096495.187 92.950 0.08706106 1.03500e-07
1768096495.197 92.999 0.08706850 6.49795e-08
1768096495.207 93.048 0.08709737 9.35399e-08
1768096495.217 93.097 0.08712531 1.32468e-07
1768096495.227 93.146 0.08713369 6.37602e-08
1768096495.237 93.195 0.08713182 1.13455e-07
1768096495.247 93.244 0.08713182 1.01879e-07
1768096495.257 93.293 0.08717186 1.02441e-07
1768096495.267 93.342 0.08720073 1.57674e-07
1768096495.277 93.391 0.08721283 8.30042e-08
1768096495.287 93.440 0.08722401 1.45710e-07
1768096495.297 93.489 0.08723890 1.04407e-07
1768096495.307 93.538 0.08727149 9.62939e-08
1768096495.317 93.587 0.08727242 1.27790e-07
1768096495.327 93.636 0.08730129 8.75870e-08
1768096495.337 93.684 0.08735623 1.38540e-07
1768096495.347 93.733 0.08738509 6.50907e-08
1768096495.396 93.782 0.08760298 7.99766e-08
1768096495.403 93.831 0.08765326 5.73273e-08
1768096495.408 93.879 0.08769982 3.71763e-08
1768096495.417 93.928 0.08769982 7.95161e-08
1768096495.466 93.977 0.08797916 6.84143e-08
1768096495.515 94.025 0.08821660 9.36188e-08
1768096495.522 94.074 0.08826781 1.38571e-08
1768096495.528 94.123 0.08829481 7.83480e-08
1768096495.537 94.171 0.08829481 8.47717e-08
1768096495.547 94.220 0.08831623 5.65001e-08
1768096495.557 94.268 0.08836651 7.37112e-08
1768096495.567 94.317 0.08839723 1.20159e-07
1768096495.577 94.365 0.08842610 8.99869e-08
1768096495.587 94.414 0.08846521 1.06693e-07
1768096495.597 94.462 0.08847917 9.43047e-08
1768096495.607 94.510 0.08849407 1.07344e-07
1768096495.617 94.559 0.08848849 1.76055e-07
1768096495.627 94.607 0.08850059 7.38902e-08
1768096495.637 94.655 0.08853132 1.93119e-07
1768096495.647 94.704 0.08854529 9.74365e-08
1768096495.657 94.752 0.08856577 1.92924e-07
1768096495.667 94.800 0.08858439 1.56903e-07
1768096495.677 94.848 0.08858998 1.92064e-07
1768096495.687 94.896 0.08861139 1.86808e-07
1768096495.697 94.945 0.08862350 1.60879e-07
1768096495.707 94.993 0.08866540 1.91823e-07
1768096495.717 95.041 0.08867937 1.76308e-07
1768096495.748 95.089 0.08881904 1.13404e-07
1768096495.757 95.137 0.08881904 1.45628e-07
1768096495.767 95.185 0.08884045 1.24209e-07
1768096495.777 95.233 0.08888794 8.27311e-08
1768096495.787 95.281 0.08894475 1.11738e-07
1768096495.797 95.329 0.08897082 1.43972e-07
1768096495.807 95.377 0.08902203 1.36385e-07
1768096495.817 95.425 0.08906579 1.63795e-07
1768096495.827 95.473 0.08913097 5.70721e-08
1768096495.837 95.521 0.08919149 8.15771e-08
1768096495.847 95.569 0.08923339 5.52995e-08
1768096495.857 95.616 0.08928367 8.01758e-08
1768096495.867 95.664 0.08933116 1.05298e-07
1768096495.877 95.712 0.08939168 4.67996e-08
1768096495.887 95.760 0.08943452 1.09882e-07
1768096495.897 95.807 0.08946338 8.48653e-08
1768096495.927 95.855 0.08966265 1.12983e-07
1768096495.952 95.903 0.08975949 2.97487e-07
1768096495.960 95.950 0.08978649 2.84458e-07
1768096495.967 95.998 0.08978649 3.90732e-07
1768096495.977 96.046 0.08984050 4.21277e-07
1768096495.987 96.093 0.08987588 5.60160e-07
1768096495.997 96.141 0.08989264 7.60831e-07
1768096496.007 96.188 0.08994199 9.51120e-07
1768096496.017 96.236 0.08997551 1.27138e-06
1768096496.027 96.283 0.09002672 1.86586e-06
1768096496.037 96.331 0.09005558 2.03973e-06
1768096496.047 96.378 0.09008818 2.58599e-06
1768096496.057 96.426 0.09011797 3.14844e-06
1768096496.067 96.473 0.09014311 3.61475e-06
1768096496.077 96.520 0.09019712 4.19425e-06
1768096496.087 96.568 0.09021853 4.96419e-06
1768096496.097 96.615 0.09023902 6.07816e-06
1768096496.107 96.662 0.09028837 6.62298e-06
1768096496.117 96.710 0.09031910 7.62407e-06
1768096496.127 96.757 0.09036565 8.84440e-06
1768096496.137 96.804 0.09039731 7.87055e-06
1768096496.147 96.851 0.09041594 8.27740e-06
1768096496.157 96.899 0.09045225 7.98207e-06
1768096496.167 96.946 0.09048391 8.97361e-06
1768096496.177 96.993 0.09053419 7.81883e-06
1768096496.187 97.040 0.09055840 7.11238e-06
1768096496.197 97.087 0.09058447 8.53391e-06
1768096496.207 97.134 0.09063755 6.72920e-06
1768096496.217 97.181 0.09068876 5.85689e-06
1768096496.227 97.228 0.09072414 6.33333e-06
1768096496.237 97.275 0.09077163 4.63453e-06
1768096496.247 97.322 0.09080887 3.85339e-06
1768096496.257 97.369 0.09087126 3.05711e-06
1768096496.267 97.416 0.09090757 2.25943e-06
1768096496.277 97.463 0.09095599 1.40289e-06
1768096496.287 97.510 0.09101186 1.05753e-06
1768096496.297 97.557 0.09103234 7.04399e-07
1768096496.307 97.604 0.09108821 5.93699e-07
1768096496.317 97.651 0.09114222 5.27581e-07
1768096496.327 97.697 0.09119529 3.50829e-07
1768096496.337 97.744 0.09124278 4.15297e-07
1768096496.347 97.791 0.09128375 3.16546e-07
1768096496.357 97.838 0.09134521 2.97451e-07
1768096496.367 97.884 0.09139363 3.33224e-07
1768096496.377 97.931 0.09144949 2.17112e-07
1768096496.387 97.978 0.09148767 2.48503e-07
1768096496.398 98.024 0.09159662 1.98510e-07
1768096496.407 98.071 0.09159662 1.35167e-07
1768096496.417 98.118 0.09163107 1.87509e-07
1768096496.427 98.164 0.09167483 1.08450e-07
1768096496.437 98.211 0.09171208 1.35130e-07
1768096496.447 98.257 0.09175398 8.30535e-08
1768096496.498 98.304 0.09202866 5.38730e-08
1768096496.507 98.350 0.09202866 2.18945e-08
1768096496.517 98.397 0.09204915 8.51388e-08
1768096496.527 98.443 0.09209477 4.29267e-08
1768096496.536 98.490 0.09214877 9.18648e-08
1768096496.546 98.536 0.09218975 3.17942e-08
1768096496.557 98.582 0.09222978 7.90860e-08
1768096496.566 98.629 0.09227262 1.04231e-07
1768096496.577 98.675 0.09231266 3.87114e-08
1768096496.586 98.721 0.09234431 6.23783e-08
1768096496.635 98.768 0.09251285 7.65514e-08
1768096496.685 98.814 0.09265904 2.92517e-08
1768096496.690 98.860 0.09268604 -3.01190e-09
1768096496.696 98.906 0.09268604 5.32373e-08
1768096496.706 98.953 0.09273539 2.74266e-08
1768096496.747 98.999 0.09286761 -5.34558e-09
1768096496.757 99.045 0.09286761 -4.36219e-09
1768096496.767 99.091 0.09289089 -1.14741e-08
1768096496.777 99.137 0.09292255 -1.75977e-08
1768096496.787 99.183 0.09294303 -6.72660e-09
1768096496.801 99.229 0.09299052 7.48510e-09
1768096496.807 99.276 0.09299518 -3.49691e-08
1768096496.816 99.322 0.09299518 6.03120e-09
1768096496.826 99.368 0.09302498 -5.30416e-08
1768096496.868 99.414 0.09311715 -1.50675e-08
1768096496.882 99.460 0.09314416 -9.04520e-09
1768096496.889 99.505 0.09315999 -6.14370e-08
1768096496.896 99.551 0.09315999 2.98070e-09
1768096496.938 99.597 0.09329593 -1.57856e-08
1768096496.952 99.643 0.09334528 7.13250e-09
1768096496.959 99.689 0.09335274 -4.07503e-08
1768096496.966 99.735 0.09335274 1.04371e-08
1768096496.976 99.781 0.09338625 -4.50537e-08
1768096496.986 99.827 0.09341884 -1.05220e-09
1768096496.996 99.872 0.09345143 -3.41699e-08
1768096497.078 99.918 0.09373170 6.81590e-10
1768096497.093 99.964 0.09376057 -6.06380e-09
1768096497.099 100.010 0.09378943 4.00946e-08
1768096497.106 100.055 0.09378943 -2.19209e-08
1768096497.154 100.101 0.09393004 -3.98440e-09
1768096497.205 100.147 0.09406412 -4.19490e-09
1768096497.255 100.192 0.09413303 -7.21990e-09
1768096497.305 100.238 0.09421217 -8.52900e-09
1768096497.355 100.283 0.09427735 -7.31950e-09
1768096497.405 100.329 0.09433042 -7.04440e-09
1768096497.455 100.375 0.09435650 -5.30120e-09
1768096497.505 100.420 0.09441423 -3.07220e-09
1768096497.555 100.466 0.09446265 -7.94000e-11
1768096497.615 100.511 0.09451386 6.50773e-08
1768096497.621 100.557 0.09452503 4.38900e-10
1768096497.627 100.602 0.09452689 2.68172e-08
1768096497.636 100.647 0.09452689 5.98073e-08
1768096497.646 100.693 0.09452782 2.66613e-08
1768096497.656 100.738 0.09455855 7.32384e-08
1768096497.666 100.784 0.09455576 6.20552e-08
1768096497.676 100.829 0.09456227 1.10481e-08
1768096497.686 100.874 0.09457996 6.54234e-08
1768096497.696 100.920 0.09457625 2.96381e-08
1768096497.706 100.965 0.09460883 7.63540e-08
1768096497.716 101.010 0.09461349 6.29432e-08
1768096497.726 101.055 0.09464235 6.88720e-09
1768096497.736 101.101 0.09464794 7.49035e-08
1768096497.746 101.146 0.09466749 3.36452e-08
1768096497.756 101.191 0.09467215 7.91742e-08
1768096497.766 101.236 0.09468053 5.80593e-08
1768096497.776 101.281 0.09470288 1.84115e-08
1768096497.786 101.326 0.09472243 7.57719e-08
1768096497.796 101.372 0.09474385 4.28990e-08
1768096497.806 101.417 0.09478575 8.32334e-08
1768096497.816 101.462 0.09479692 7.63249e-08
1768096497.826 101.507 0.09484627 2.24516e-08
1768096497.836 101.552 0.09487420 8.87161e-08
1768096497.846 101.597 0.09488538 5.44745e-08
1768096497.856 101.642 0.09495708 9.27563e-08
1768096497.866 101.687 0.09499805 6.95721e-08
1768096497.876 101.732 0.09505019 2.53580e-08
1768096497.886 101.777 0.09509768 9.52729e-08
1768096497.896 101.822 0.09512282 6.62731e-08
1768096497.906 101.866 0.09517962 1.09660e-07
1768096497.916 101.911 0.09520383 9.93706e-08
1768096497.926 101.956 0.09527087 6.69108e-08
1768096497.936 102.001 0.09531556 1.51941e-07
1768096497.946 102.046 0.09536026 1.43551e-07
1768096497.956 102.091 0.09540868 1.81869e-07
1768096497.966 102.135 0.09543847 2.82041e-07
1768096497.976 102.180 0.09550924 2.61745e-07
1768096497.986 102.225 0.09555021 4.00927e-07
1768096497.996 102.270 0.09558653 4.74530e-07
1768096498.006 102.314 0.09563587 6.36296e-07
1768096498.016 102.359 0.09567125 8.52303e-07
1768096498.026 102.404 0.09572713 1.29432e-06
1768096498.036 102.448 0.09576530 1.64551e-06
1768096498.046 102.493 0.09579789 2.49793e-06
1768096498.056 102.537 0.09583514 2.52948e-06
1768096498.066 102.582 0.09588728 4.13898e-06
1768096498.076 102.627 0.09595432 4.76800e-06
1768096498.086 102.671 0.09597201 8.15285e-06
1768096498.096 102.716 0.09602230 1.02559e-05
1768096498.106 102.760 0.09607071 1.42437e-05
1768096498.116 102.805 0.09609213 2.45686e-05
1768096498.146 102.849 0.09625973 2.58506e-05
1768096498.157 102.893 0.09626811 5.65324e-05
1768096498.166 102.938 0.09626811 5.77627e-05
1768096498.176 102.982 0.09631281 7.77687e-05
1768096498.186 103.027 0.09635378 9.59844e-05
1768096498.196 103.071 0.09640313 9.19014e-05
1768096498.206 103.115 0.09646365 1.11408e-04
1768096498.216 103.160 0.09648879 1.26123e-04
1768096498.226 103.204 0.09653535 1.55617e-04
1768096498.236 103.248 0.09656608 1.82528e-04
1768096498.246 103.293 0.09658470 1.69620e-04
1768096498.256 103.337 0.09664802 1.86190e-04
1768096498.266 103.381 0.09666850 1.59343e-04
1768096498.276 103.425 0.09670854 1.85327e-04
1768096498.286 103.469 0.09674113 1.56455e-04
1768096498.296 103.514 0.09678303 1.75320e-04
1768096498.306 103.558 0.09684076 1.41640e-04
1768096498.316 103.602 0.09685007 1.36948e-04
1768096498.326 103.646 0.09689198 1.29587e-04
1768096498.335 103.690 0.09694505 1.29854e-04
1768096498.345 103.734 0.09696926 9.57001e-05
1768096498.355 103.778 0.09701768 8.04842e-05
1768096498.365 103.822 0.09704375 7.52764e-05
1768096498.375 103.866 0.09709496 6.34534e-05
1768096498.385 103.910 0.09710893 4.75676e-05
1768096498.395 103.954 0.09715269 4.15496e-05
1768096498.405 103.998 0.09720763 2.80894e-05
1768096498.415 104.042 0.09721880 2.14235e-05
1768096498.425 104.086 0.09727839 1.31149e-05
1768096498.435 104.130 0.09730260 9.95480e-06
1768096498.445 104.174 0.09734451 6.07972e-06
1768096498.455 104.218 0.09739106 6.02803e-06
1768096498.465 104.262 0.09740223 3.71465e-06
1768096498.475 104.305 0.09745531 4.09565e-06
1768096498.485 104.349 0.09750838 3.22964e-06
1768096498.495 104.393 0.09755215 3.28971e-06
1768096498.505 104.437 0.09759312 3.12301e-06
1768096498.515 104.481 0.09762664 1.92381e-06
1768096498.525 104.524 0.09769927 2.59896e-06
1768096498.535 104.568 0.09774862 2.10216e-06
1768096498.545 104.612 0.09776911 1.44577e-06
1768096498.555 104.655 0.09781566 1.48839e-06
1768096498.565 104.699 0.09783056 1.35227e-06
1768096498.575 104.743 0.09788736 1.40338e-06
1768096498.585 104.786 0.09794695 1.13915e-06
1768096498.595 104.830 0.09800747 1.23332e-06
1768096498.605 104.874 0.09804844 9.01322e-07
1768096498.615 104.917 0.09806334 6.84039e-07
1768096498.625 104.961 0.09812387 6.22567e-07
1768096498.635 105.004 0.09816577 7.27293e-07
1768096498.645 105.048 0.09820673 4.77758e-07
1768096498.655 105.091 0.09825143 3.96742e-07
1768096498.705 105.135 0.09844231 2.71250e-07
1768096498.714 105.178 0.09846839 2.07641e-07
1768096498.722 105.222 0.09851680 1.48888e-07
1768096498.730 105.265 0.09855591 2.00316e-07
1768096498.736 105.309 0.09858385 1.70599e-07
1768096498.745 105.352 0.09858385 1.35770e-07
1768096498.755 105.395 0.09865461 1.42862e-07
1768096498.765 105.439 0.09868162 1.36308e-07
1768096498.775 105.482 0.09874121 8.52402e-08
1768096498.785 105.525 0.09875890 1.63900e-07
1768096498.795 105.569 0.09878870 8.54074e-08
1768096498.805 105.612 0.09883804 1.16664e-07
1768096498.815 105.655 0.09885667 1.00934e-07
1768096498.825 105.699 0.09890136 7.17803e-08
1768096498.835 105.742 0.09892185 1.24842e-07
1768096498.845 105.785 0.09895071 6.38574e-08
1768096498.855 105.828 0.09897492 1.02445e-07
1768096498.865 105.871 0.09899448 6.86084e-08
1768096498.875 105.915 0.09904755 3.11456e-08
1768096498.885 105.958 0.09906896 1.20345e-07
1768096498.895 106.001 0.09910342 4.44522e-08
1768096498.905 106.044 0.09915463 9.50369e-08
1768096498.915 106.087 0.09917232 4.07408e-08
1768096498.925 106.130 0.09921609 2.16608e-08
1768096498.935 106.173 0.09921981 8.41690e-08
1768096498.983 106.216 0.09940697 6.83657e-08
1768096499.033 106.259 0.09961926 2.17602e-08
1768096499.040 106.302 0.09966396 -3.27952e-08
1768096499.081 106.345 0.09981574 -9.57016e-09
1768096499.088 106.388 0.09986043 -1.82750e-08
1768096499.102 106.431 0.09989675 -2.10479e-08
1768096499.108 106.474 0.09992002 -6.40468e-08
1768096499.115 106.517 0.09992002 9.02550e-09
1768096499.163 106.560 0.10004387 4.41020e-09
1768096499.256 106.603 0.10018632 -5.06180e-08
1768096499.265 106.646 0.10018632 2.29724e-08
1768096499.307 106.689 0.10023102 -1.90189e-08
1768096499.315 106.732 0.10023102 -1.23910e-08
1768096499.325 106.774 0.10026082 -1.16695e-08
1768096499.335 106.817 0.10028317 -2.02879e-09
1768096499.345 106.860 0.10029806 -1.30205e-08
1768096499.355 106.903 0.10030737 4.79330e-09
1768096499.365 106.946 0.10029527 -1.58854e-08
1768096499.375 106.988 0.10031110 3.43735e-09
1768096499.389 107.031 0.10034182 -1.25780e-09
1768096499.395 107.074 0.10034182 -8.85788e-09
1768096499.405 107.116 0.10038279 1.14606e-08
1768096499.415 107.159 0.10036324 -9.29245e-09
1768096499.425 107.202 0.10038652 8.03452e-09
1768096499.435 107.244 0.10039862 8.51963e-09
1768096499.445 107.287 0.10040514 -6.83860e-10
1768096499.455 107.330 0.10043867 1.58138e-08
1768096499.465 107.372 0.10046474 -5.61965e-09
1768096499.475 107.415 0.10047219 1.44630e-08
1768096499.485 107.457 0.10048522 1.42585e-08
1768096499.495 107.500 0.10051222 1.34816e-09
1768096499.505 107.542 0.10053736 1.73317e-08
1768096499.515 107.585 0.10055692 -4.70689e-09
1768096499.525 107.627 0.10061837 1.28637e-08
1768096499.535 107.670 0.10064631 1.22042e-08
1768096499.545 107.712 0.10065655 1.15904e-09
1768096499.555 107.755 0.10070125 1.72196e-08
1768096499.565 107.797 0.10074035 -4.88636e-09
1768096499.575 107.839 0.10080367 1.35900e-08
1768096499.585 107.882 0.10083532 1.37721e-08
1768096499.595 107.924 0.10086884 6.62430e-10
1768096499.605 107.967 0.10092379 1.64683e-08
1768096499.615 108.009 0.10095172 -4.56964e-09
1768096499.625 108.051 0.10100759 1.24852e-08
1768096499.635 108.093 0.10104576 1.21968e-08
1768096499.645 108.136 0.10107369 8.34640e-10
1768096499.655 108.178 0.10114726 1.65352e-08
1768096499.665 108.220 0.10117892 -3.37014e-09
1768096499.675 108.263 0.10124130 1.64180e-08
1768096499.685 108.305 0.10125340 1.57779e-08
1768096499.695 108.347 0.10131673 4.08426e-09
1768096499.705 108.389 0.10136235 2.01567e-08
1768096499.715 108.431 0.10138563 1.07984e-09
1768096499.728 108.473 0.10148619 3.17352e-08
1768096499.735 108.516 0.10148619 4.27651e-08
1768096499.795 108.558 0.10172642 4.55587e-08
1768096499.801 108.600 0.10177019 9.54065e-08
1768096499.807 108.642 0.10181488 6.44863e-08
1768096499.815 108.684 0.10181488 1.29705e-07
1768096499.825 108.726 0.10185492 8.98881e-08
1768096499.835 108.768 0.10186889 1.44048e-07
1768096499.845 108.810 0.10190985 1.28758e-07
1768096499.855 108.852 0.10196294 1.50743e-07
1768096499.865 108.894 0.10197597 1.58991e-07
1768096499.875 108.936 0.10203649 1.33246e-07
1768096499.885 108.978 0.10205511 1.96779e-07
1768096499.895 109.020 0.10207560 1.80312e-07
1768096499.905 109.062 0.10211750 1.13516e-07
1768096499.917 109.104 0.10216498 3.16982e-07
1768096499.927 109.146 0.10218267 2.21359e-07
1768096499.935 109.188 0.10218267 2.67917e-07
1768096499.945 109.229 0.10223017 2.23452e-07
1768096499.955 109.271 0.10225810 3.02728e-07
1768096499.965 109.313 0.10227207 2.48063e-07
1768096499.975 109.355 0.10230000 3.35540e-07
1768096499.985 109.397 0.10230559 3.19629e-07
1768096499.995 109.438 0.10233352 4.06427e-07
1768096500.005 109.480 0.10238194 4.47630e-07
1768096500.015 109.522 0.10239311 3.05571e-07
1768096500.025 109.564 0.10243595 2.98755e-07
1768096500.035 109.605 0.10246947 4.61814e-07
1768096500.045 109.647 0.10250951 3.61894e-07
1768096500.055 109.689 0.10254396 5.22393e-07
1768096500.065 109.730 0.10256165 3.58788e-07
1768096500.075 109.772 0.10260075 5.34657e-07
1768096500.085 109.814 0.10265197 4.16706e-07
1768096500.094 109.855 0.10268642 4.93484e-07
1768096500.105 109.897 0.10272739 4.08633e-07
1768096500.114 109.939 0.10276091 2.77246e-07
1768096500.124 109.980 0.10281492 3.10831e-07
1768096500.134 110.022 0.10285681 3.15356e-07
