1768095637.399 33.800 0.03262322 5.47369e-08
1768095637.449 33.935 0.03260367 5.32313e-08
1768095637.499 34.070 0.03260181 5.18105e-08
1768095637.549 34.204 0.03261205 5.13228e-08
1768095637.599 34.337 0.03269213 5.02783e-08
1768095637.650 34.470 0.03278431 -1.11640e-09
1768095637.699 34.602 0.03292677 4.45626e-08
1768095637.750 34.734 0.03307762 4.15879e-08
1768095637.800 34.866 0.03319773 3.93319e-08
1768095637.849 34.997 0.03331878 3.73391e-08
1768095637.900 35.127 0.03344076 3.61907e-08
1768095637.947 35.257 0.03350594 4.17370e-08
1768095637.995 35.386 0.03359626 9.48518e-08
1768095638.002 35.515 0.03362512 5.62933e-08
1768095638.011 35.644 0.03362512 1.27118e-07
1768095638.021 35.772 0.03365678 1.39516e-07
1768095638.031 35.899 0.03366330 2.84203e-07
1768095638.041 36.026 0.03371172 3.39078e-07
1768095638.051 36.153 0.03373220 5.30595e-07
1768095638.061 36.279 0.03373313 6.49350e-07
1768095638.071 36.405 0.03376293 8.62731e-07
1768095638.081 36.530 0.03378714 1.22665e-06
1768095638.091 36.655 0.03379924 1.57544e-06
1768095638.101 36.780 0.03383835 2.25956e-06
1768095638.111 36.904 0.03387001 2.66002e-06
1768095638.121 37.028 0.03391191 3.21097e-06
1768095638.131 37.151 0.03392588 4.06190e-06
1768095638.141 37.274 0.03397709 4.65056e-06
1768095638.151 37.396 0.03401713 4.85259e-06
1768095638.161 37.518 0.03405065 4.35355e-06
1768095638.171 37.640 0.03412328 3.44674e-06
1768095638.181 37.761 0.03416518 2.19195e-06
1768095638.191 37.882 0.03425922 5.23888e-07
1768095638.201 38.002 0.03433744 2.13908e-07
1768095638.211 38.123 0.03441566 9.47637e-08
1768095638.221 38.242 0.03453856 2.26607e-08
1768095638.231 38.362 0.03462795 7.23457e-08
1768095638.306 38.481 0.03561868 8.46670e-09
1768095638.312 38.599 0.03576673 4.82844e-08
1768095638.334 38.718 0.03603862 -1.06208e-08
1768095638.385 38.835 0.03663175 -1.34130e-08
1768095638.433 38.953 0.03703680 1.78778e-08
1768095638.521 39.070 0.03719881 9.10040e-09
1768095638.531 39.187 0.03719881 6.63110e-08
1768095638.580 39.303 0.03717740 5.03923e-08
1768095638.631 39.420 0.03715785 5.30617e-08
1768095638.681 39.535 0.03721558 5.19295e-08
1768095638.731 39.651 0.03736176 5.22973e-08
1768095638.781 39.766 0.03749957 5.10254e-08
1768095638.831 39.881 0.03767928 5.34476e-08
1768095638.881 39.995 0.03780964 5.26733e-08
1768095638.931 40.109 0.03788972 5.33648e-08
1768095638.982 40.223 0.03797818 5.21145e-08
1768095639.057 40.337 0.03811226 9.68400e-09
1768095639.063 40.450 0.03814857 4.49507e-08
1768095639.111 40.563 0.03823051 5.06588e-08
1768095639.162 40.675 0.03834690 4.71246e-08
1768095639.212 40.787 0.03843816 4.60543e-08
1768095639.261 40.899 0.03855641 4.58501e-08
1768095639.270 41.011 0.03855641 -8.45600e-09
1768095639.280 41.122 0.03858248 6.86144e-08
1768095639.328 41.233 0.03872122 5.13414e-08
1768095639.334 41.344 0.03873891 -1.18742e-08
1768095639.383 41.454 0.03886555 4.03109e-08
1768095639.433 41.565 0.03901825 6.16100e-09
1768095639.483 41.674 0.03919144 1.09640e-09
1768095639.533 41.784 0.03937115 -7.70330e-09
1768095639.595 41.893 0.03958438 4.59621e-08
1768095639.645 42.002 0.03967843 4.55839e-08
1768095639.697 42.111 0.03975385 4.94929e-08
1768095639.747 42.219 0.03982555 5.10434e-08
1768095639.797 42.327 0.03990283 5.19238e-08
1768095639.847 42.435 0.03998105 5.18225e-08
1768095639.897 42.543 0.04008626 5.16815e-08
1768095639.946 42.650 0.04019055 5.14377e-08
1768095639.997 42.757 0.04029018 5.06494e-08
1768095640.047 42.864 0.04039726 4.92919e-08
1768095640.097 42.971 0.04050248 5.00094e-08
1768095640.148 43.077 0.04060490 5.15456e-08
1768095640.196 43.183 0.04068405 4.88581e-08
1768095640.247 43.289 0.04078647 4.85740e-08
1768095640.297 43.394 0.04087586 4.80534e-08
1768095640.347 43.499 0.04099319 4.86323e-08
1768095640.397 43.604 0.04108258 5.02987e-08
1768095640.465 43.709 0.04123435 3.51627e-08
1768095640.515 43.813 0.04130605 3.00972e-08
1768095640.566 43.918 0.04140009 2.63390e-08
1768095640.572 44.022 0.04141499 1.10339e-08
1768095640.579 44.125 0.04141499 4.29887e-08
1768095640.627 44.229 0.04150065 5.77040e-08
1768095640.634 44.332 0.04152207 -1.34414e-08
1768095640.722 44.435 0.04172041 6.35150e-09
1768095640.729 44.538 0.04172041 4.50535e-08
1768095640.779 44.640 0.04188242 4.38383e-08
1768095640.829 44.743 0.04207051 4.48249e-08
1768095640.879 44.845 0.04222415 4.43163e-08
1768095640.929 44.947 0.04236661 4.63091e-08
1768095640.980 45.048 0.04248580 5.04607e-08
1768095641.029 45.149 0.04256308 5.05683e-08
1768095641.080 45.251 0.04261150 4.95683e-08
1768095641.148 45.352 0.04271765 5.05972e-08
1768095641.198 45.452 0.04282752 4.66723e-08
1768095641.259 45.553 0.04295229 6.82003e-08
1768095641.269 45.653 0.04295229 7.46900e-09
1768095641.279 45.753 0.04295695 7.47145e-08
1768095641.326 45.853 0.04303516 6.20984e-08
1768095641.335 45.952 0.04305379 -1.23724e-08
1768095641.383 46.052 0.04316459 -1.22702e-08
1768095641.433 46.151 0.04328378 -1.44138e-08
1768095641.484 46.250 0.04343649 -1.41568e-08
1768095641.533 46.349 0.04360688 -1.34784e-08
1768095641.584 46.447 0.04378380 -1.36438e-08
1768095641.634 46.545 0.04388715 -1.29800e-08
1768095641.684 46.644 0.04395978 -1.35111e-08
1768095641.734 46.741 0.04402775 -1.22608e-08
1768095641.797 46.839 0.04411994 5.19091e-08
1768095641.864 46.937 0.04422236 4.85340e-08
1768095641.915 47.034 0.04432572 4.70125e-08
1768095641.964 47.131 0.04439928 4.30582e-08
1768095642.014 47.228 0.04447656 4.18413e-08
1768095642.065 47.325 0.04456409 3.61083e-08
1768095642.115 47.421 0.04463672 2.41155e-08
1768095642.165 47.517 0.04471400 2.49674e-08
1768095642.215 47.614 0.04481456 2.37941e-08
1768095642.266 47.709 0.04489557 1.83318e-08
1768095642.333 47.805 0.04503245 -1.47240e-08
1768095642.384 47.901 0.04513208 -1.40965e-08
1768095642.436 47.996 0.04520378 8.14650e-09
1768095642.443 48.091 0.04521868 6.29426e-08
1768095642.496 48.186 0.04530341 5.18778e-08
1768095642.546 48.281 0.04538069 5.23807e-08
1768095642.596 48.376 0.04545891 5.44765e-08
1768095642.646 48.470 0.04558089 5.40338e-08
1768095642.697 48.564 0.04569169 5.53121e-08
1768095642.747 48.658 0.04581181 5.46747e-08
1768095642.797 48.752 0.04588723 5.47513e-08
1768095642.871 48.846 0.04602690 1.51618e-08
1768095642.878 48.939 0.04602690 4.32495e-08
1768095642.926 49.033 0.04610046 6.40740e-08
1768095642.933 49.126 0.04611536 -4.82500e-09
1768095642.981 49.219 0.04620009 5.11120e-08
1768095643.031 49.311 0.04629600 4.82713e-08
1768095643.081 49.404 0.04640215 4.58755e-08
1768095643.131 49.497 0.04653902 4.36500e-08
1768095643.181 49.589 0.04667776 4.05532e-08
1768095643.231 49.681 0.04680905 3.86988e-08
1768095643.281 49.773 0.04687237 3.63090e-08
1768095643.331 49.865 0.04694779 3.40257e-08
1768095643.406 49.956 0.04702601 1.88306e-08
1768095643.413 50.048 0.04705673 5.34904e-08
1768095643.461 50.139 0.04714147 4.45575e-08
1768095643.511 50.230 0.04721875 4.44875e-08
1768095643.561 50.321 0.04730442 4.49166e-08
1768095643.611 50.412 0.04744409 4.54151e-08
1768095643.662 50.502 0.04754186 4.63898e-08
1768095643.712 50.593 0.04762938 9.40116e-08
1768095643.719 50.683 0.04763962 7.42130e-08
1768095643.727 50.773 0.04763962 1.66827e-07
1768095643.737 50.863 0.04766104 1.31844e-07
1768095643.747 50.953 0.04767035 2.80783e-07
1768095643.757 51.042 0.04769363 2.87324e-07
1768095643.767 51.132 0.04772063 4.09978e-07
1768095643.777 51.221 0.04773274 5.45798e-07
1768095643.787 51.310 0.04775136 5.58225e-07
1768095643.797 51.399 0.04776440 7.53976e-07
1768095643.807 51.488 0.04776812 8.73367e-07
1768095643.817 51.577 0.04778768 1.13138e-06
1768095643.827 51.666 0.04780444 1.47155e-06
1768095643.837 51.754 0.04782864 1.71232e-06
1768095643.847 51.842 0.04785099 2.34387e-06
1768095643.857 51.930 0.04788358 2.72919e-06
1768095643.867 52.018 0.04792083 3.59886e-06
1768095643.877 52.106 0.04793759 4.66410e-06
1768095643.887 52.194 0.04798414 6.07702e-06
1768095643.897 52.281 0.04803815 8.10683e-06
1768095643.907 52.369 0.04806795 1.00138e-05
1768095643.938 52.456 0.04834263 1.19717e-05
1768095643.947 52.543 0.04834263 1.26251e-05
1768095643.957 52.630 0.04841992 1.07012e-05
1768095643.967 52.717 0.04851303 7.08071e-06
1768095643.977 52.803 0.04860055 2.93162e-06
1768095643.987 52.890 0.04870764 9.09956e-07
1768095643.997 52.976 0.04880075 5.22589e-07
1768095644.007 53.062 0.04888269 1.69932e-07
1768095644.017 53.148 0.04900374 2.24860e-08
1768095644.027 53.234 0.04910337 7.45623e-08
1768095644.075 53.320 0.04957918 7.14825e-08
1768095644.082 53.406 0.04968346 -8.79300e-09
1768095644.131 53.491 0.05007920 4.76014e-08
1768095644.181 53.577 0.05036598 5.07938e-08
1768095644.231 53.662 0.05055687 4.71409e-08
1768095644.308 53.747 0.05067233 7.02548e-08
1768095644.317 53.832 0.05067233 7.72690e-09
1768095644.365 53.917 0.05068257 5.65540e-09
1768095644.415 54.002 0.05072541 -1.02837e-08
1768095644.480 54.086 0.05081945 6.02772e-08
1768095644.532 54.171 0.05093212 8.31490e-08
1768095644.545 54.255 0.05094888 2.38381e-07
1768095644.552 54.339 0.05097588 2.34592e-07
1768095644.559 54.423 0.05100567 3.75288e-07
1768095644.567 54.507 0.05100567 3.82496e-07
1768095644.577 54.591 0.05101405 5.54910e-07
1768095644.587 54.675 0.05104572 6.72624e-07
1768095644.597 54.758 0.05106620 9.12744e-07
1768095644.607 54.842 0.05107924 1.11634e-06
1768095644.617 54.925 0.05112020 1.54670e-06
1768095644.627 55.008 0.05110531 1.99175e-06
1768095644.637 55.091 0.05114442 2.44802e-06
1768095644.647 55.174 0.05115466 3.06406e-06
1768095644.657 55.257 0.05117794 3.52575e-06
1768095644.667 55.340 0.05121332 4.69375e-06
1768095644.677 55.422 0.05122635 6.10548e-06
1768095644.687 55.505 0.05127012 7.85061e-06
1768095644.697 55.587 0.05128036 1.04000e-05
1768095644.707 55.669 0.05131016 1.29095e-05
1768095644.717 55.751 0.05137999 1.75671e-05
1768095644.727 55.833 0.05140513 2.32629e-05
1768095644.737 55.915 0.05146379 2.73202e-05
1768095644.747 55.997 0.05152246 3.09757e-05
1768095644.757 56.078 0.05157087 3.45492e-05
1768095644.767 56.160 0.05165281 3.37830e-05
1768095644.777 56.241 0.05171986 2.96791e-05
1768095644.787 56.322 0.05179621 2.45644e-05
1768095644.797 56.403 0.05185021 1.25831e-05
1768095644.807 56.484 0.05193029 5.09896e-06
1768095644.817 56.565 0.05202340 1.26819e-06
1768095644.827 56.646 0.05210907 1.03983e-06
1768095644.837 56.727 0.05219660 1.12257e-06
1768095644.847 56.807 0.05227854 1.30035e-06
1768095644.857 56.888 0.05238562 1.12514e-06
1768095644.867 56.968 0.05250108 8.56540e-07
1768095644.877 57.048 0.05257929 3.95875e-07
1768095644.887 57.128 0.05269289 5.53992e-08
1768095644.897 57.208 0.05277762 8.01733e-08
1768095644.907 57.288 0.05287725 3.35246e-08
1768095644.917 57.368 0.05298154 8.44940e-08
1768095644.927 57.447 0.05305510 9.45526e-08
1768095644.937 57.527 0.05314915 5.28127e-08
1768095644.947 57.606 0.05324599 1.10556e-07
1768095644.957 57.686 0.05334003 5.33675e-08
1768095644.967 57.765 0.05341173 8.40801e-08
1768095644.977 57.844 0.05347877 8.29573e-08
1768095644.987 57.923 0.05357561 4.76223e-08
1768095645.035 58.002 0.05394899 6.03255e-08
1768095645.041 58.080 0.05400859 8.53655e-08
1768095645.047 58.159 0.05400859 6.92151e-08
1768095645.057 58.238 0.05407842 3.11093e-08
1768095645.067 58.316 0.05414546 8.71781e-08
1768095645.077 58.394 0.05419388 8.66060e-08
1768095645.125 58.473 0.05449277 7.79668e-08
1768095645.132 58.551 0.05455609 1.17347e-08
1768095645.138 58.629 0.05461196 2.90685e-08
1768095645.147 58.707 0.05461196 7.17799e-08
1768095645.157 58.785 0.05466038 4.04521e-08
1768095645.167 58.862 0.05472742 1.06990e-07
1768095645.177 58.940 0.05476559 1.40442e-07
1768095645.187 59.017 0.05481681 8.49615e-08
1768095645.197 59.095 0.05485312 1.45023e-07
1768095645.207 59.172 0.05490527 9.36783e-08
1768095645.217 59.249 0.05496393 1.32553e-07
1768095645.227 59.326 0.05499558 1.20303e-07
1768095645.237 59.403 0.05504121 2.80805e-08
1768095645.247 59.480 0.05508125 6.64871e-08
1768095645.257 59.557 0.05511943 2.49685e-08
1768095645.267 59.634 0.05517064 8.04138e-08
1768095645.277 59.710 0.05522650 5.09733e-07
1768095645.287 59.787 0.05526003 1.01059e-06
1768095645.298 59.863 0.05534663 2.75518e-06
1768095645.307 59.940 0.05534663 3.99098e-06
1768095645.317 60.016 0.05542577 7.07546e-06
1768095645.327 60.092 0.05546209 1.18609e-05
1768095645.337 60.168 0.05551981 1.94516e-05
1768095645.347 60.244 0.05558406 3.37263e-05
1768095645.357 60.320 0.05563714 4.80829e-05
1768095645.367 60.396 0.05573584 7.86244e-05
1768095645.377 60.471 0.05579357 1.05399e-04
1768095645.387 60.547 0.05584757 1.30054e-04
1768095645.397 60.622 0.05591089 1.27301e-04
1768095645.406 60.698 0.05599097 1.09761e-04
1768095645.417 60.773 0.05608687 7.99065e-05
1768095645.426 60.848 0.05615299 3.34922e-05
1768095645.436 60.923 0.05623213 6.13576e-06
1768095645.446 60.998 0.05630662 2.90437e-06
1768095645.456 61.073 0.05638856 1.25232e-06
1768095645.466 61.148 0.05648819 7.62157e-07
1768095645.476 61.222 0.05657107 2.76171e-07
1768095645.486 61.297 0.05665859 4.24125e-08
1768095645.496 61.372 0.05673494 7.07033e-08
1768095645.506 61.446 0.05679733 5.08355e-08
1768095645.516 61.520 0.05689510 1.60837e-07
1768095645.526 61.595 0.05695935 3.71637e-07
1768095645.536 61.669 0.05705153 4.88749e-07
1768095645.567 61.743 0.05734949 1.01598e-06
1768095645.595 61.817 0.05750965 2.59516e-06
1768095645.602 61.891 0.05757948 1.76522e-06
1768095645.610 61.965 0.05765305 7.49397e-07
1768095645.617 62.038 0.05765305 3.36721e-07
1768095645.626 62.112 0.05769588 3.03209e-07
1768095645.639 62.186 0.05783089 2.60814e-07
1768095645.646 62.259 0.05783089 2.63771e-07
1768095645.656 62.332 0.05789328 1.97664e-07
1768095645.669 62.406 0.05801246 1.46859e-07
1768095645.676 62.479 0.05801246 1.99367e-07
1768095645.686 62.552 0.05806553 9.84887e-08
1768095645.696 62.625 0.05812885 1.11711e-07
1768095645.706 62.698 0.05818286 5.80226e-08
1768095645.716 62.771 0.05822662 1.07626e-07
1768095645.726 62.844 0.05826387 9.59540e-08
1768095645.736 62.916 0.05832719 7.42188e-08
1768095645.746 62.989 0.05837746 1.60026e-07
1768095645.756 63.062 0.05840726 1.29649e-07
1768095645.767 63.134 0.05851713 1.33794e-07
1768095645.776 63.206 0.05851713 1.91003e-07
1768095645.836 63.279 0.05881137 9.97643e-08
1768095645.843 63.351 0.05889052 1.40036e-07
1768095645.849 63.423 0.05894825 8.95198e-08
1768095645.856 63.495 0.05894825 1.68193e-07
1768095645.866 63.567 0.05902926 1.97653e-07
1768095645.876 63.639 0.05906930 3.35338e-07
1768095645.886 63.711 0.05914193 3.83915e-07
1768095645.896 63.782 0.05921083 6.53334e-07
1768095645.907 63.854 0.05926484 6.77001e-07
1768095645.917 63.926 0.05933747 6.61497e-07
1768095645.927 63.997 0.05939333 6.47200e-07
1768095645.937 64.068 0.05946875 4.44640e-07
1768095645.946 64.140 0.05953487 2.86466e-07
1768095645.956 64.211 0.05957118 1.01510e-07
1768095645.966 64.282 0.05965126 1.17530e-07
1768095645.976 64.353 0.05969595 1.10150e-07
1768095645.986 64.424 0.05976020 8.85199e-08
1768095645.996 64.495 0.05980769 2.00218e-07
1768095646.006 64.566 0.05984400 3.17533e-07
1768095646.016 64.637 0.05990546 3.56320e-07
1768095646.026 64.707 0.05994829 3.89620e-07
1768095646.036 64.778 0.06002278 3.29730e-07
1768095646.046 64.849 0.06005630 3.79300e-07
1768095646.056 64.919 0.06011217 3.21782e-07
1768095646.066 64.989 0.06017641 3.24209e-07
1768095646.076 65.060 0.06021459 2.69689e-07
1768095646.086 65.130 0.06027232 1.82570e-07
1768095646.096 65.200 0.06032074 2.49177e-07
1768095646.144 65.270 0.06063174 4.19118e-07
1768095646.153 65.340 0.06070809 2.82041e-06
1768095646.159 65.410 0.06079283 4.29614e-06
1768095646.166 65.480 0.06079283 5.89918e-06
1768095646.176 65.550 0.06084497 8.78917e-06
1768095646.186 65.619 0.06092505 1.44437e-05
1768095646.196 65.689 0.06099302 2.80146e-05
1768095646.206 65.759 0.06105541 3.83344e-05
1768095646.216 65.828 0.06113455 6.37819e-05
1768095646.226 65.897 0.06118577 8.36616e-05
1768095646.236 65.967 0.06125746 9.18845e-05
1768095646.246 66.036 0.06131706 8.77491e-05
1768095646.256 66.105 0.06137665 7.47017e-05
1768095646.266 66.174 0.06144369 5.60029e-05
1768095646.276 66.243 0.06147628 2.59957e-05
1768095646.286 66.312 0.06155636 6.64548e-06
1768095646.296 66.381 0.06162992 3.33200e-06
1768095646.306 66.450 0.06166251 1.77858e-06
1768095646.316 66.519 0.06172396 9.73527e-07
1768095646.326 66.588 0.06176493 6.52798e-07
1768095646.336 66.656 0.06182266 3.64224e-07
1768095646.346 66.725 0.06186270 2.46484e-07
1768095646.356 66.793 0.06189808 1.08215e-07
1768095646.366 66.862 0.06198282 1.30458e-07
1768095646.376 66.930 0.06202472 1.29998e-07
1768095646.386 66.998 0.06207500 1.07410e-07
1768095646.396 67.066 0.06212621 2.38488e-07
1768095646.406 67.135 0.06218115 2.48286e-07
1768095646.416 67.203 0.06224167 4.15281e-07
1768095646.426 67.271 0.06228451 5.53619e-07
1768095646.436 67.339 0.06236179 7.61528e-07
1768095646.446 67.406 0.06241021 1.02161e-06
1768095646.456 67.474 0.06247352 9.66710e-07
1768095646.466 67.542 0.06254615 9.41592e-07
1768095646.476 67.610 0.06259178 8.18152e-07
1768095646.486 67.677 0.06267744 6.25814e-07
1768095646.496 67.745 0.06274449 4.45304e-07
1768095646.506 67.812 0.06280128 2.34844e-07
1768095646.516 67.879 0.06287950 2.64275e-07
1768095646.526 67.947 0.06293537 2.33232e-07
1768095646.536 68.014 0.06301544 1.72161e-07
1768095646.546 68.081 0.06307783 1.87028e-07
1768095646.556 68.148 0.06315977 9.11970e-08
1768095646.566 68.215 0.06322123 9.59024e-08
1768095646.576 68.282 0.06326219 6.14605e-08
1768095646.586 68.349 0.06335624 1.46325e-08
1768095646.596 68.416 0.06342701 8.49453e-08
1768095646.606 68.483 0.06350616 6.40831e-08
1768095646.616 68.550 0.06356481 1.67177e-07
1768095646.669 68.616 0.06395496 1.95709e-06
1768095646.679 68.683 0.06402386 2.93928e-06
1768095646.686 68.749 0.06402386 3.24448e-06
1768095646.696 68.816 0.06408811 3.37168e-06
1768095646.706 68.882 0.06414305 3.12431e-06
1768095646.716 68.949 0.06422592 2.91107e-06
1768095646.726 69.015 0.06425851 2.42204e-06
1768095646.736 69.081 0.06432090 1.34061e-06
1768095646.746 69.147 0.06437863 7.45634e-07
1768095646.756 69.213 0.06441587 4.58937e-07
1768095646.766 69.279 0.06448570 5.70729e-07
1768095646.776 69.345 0.06453133 6.82387e-07
1768095646.786 69.411 0.06458627 8.26079e-07
1768095646.796 69.477 0.06462352 9.05465e-07
1768095646.806 69.543 0.06465145 8.14723e-07
1768095646.816 69.608 0.06469707 8.49389e-07
1768095646.826 69.674 0.06475108 8.04757e-07
1768095646.836 69.740 0.06479670 7.24317e-07
1768095646.846 69.805 0.06482650 6.97919e-07
1768095646.856 69.871 0.06485444 5.05286e-07
1768095646.866 69.936 0.06490658 4.72556e-07
1768095646.878 70.001 0.06498666 4.45765e-07
1768095646.886 70.067 0.06498666 4.45315e-07
1768095646.896 70.132 0.06502669 5.11847e-07
1768095646.906 70.197 0.06506953 5.07157e-07
1768095646.916 70.262 0.06511795 5.81313e-07
1768095646.926 70.327 0.06516451 5.46742e-07
1768095646.936 70.392 0.06523434 4.62314e-07
1768095646.946 70.457 0.06528183 4.78944e-07
1768095646.956 70.522 0.06533769 4.08928e-07
1768095646.966 70.587 0.06541963 3.85495e-07
1768095646.976 70.651 0.06546619 2.75512e-07
1768095646.986 70.716 0.06553044 9.34771e-08
1768095646.996 70.781 0.06559097 1.05918e-07
1768095647.006 70.845 0.06564776 4.91871e-08
1768095647.016 70.910 0.06570270 9.27699e-08
1768095647.026 70.974 0.06577067 6.60601e-08
1768095647.036 71.039 0.06585727 2.30092e-08
1768095647.046 71.103 0.06592059 8.96363e-08
1768095647.056 71.167 0.06599507 4.00984e-08
1768095647.066 71.231 0.06607608 7.63821e-08
1768095647.076 71.296 0.06611798 4.71596e-08
1768095647.086 71.360 0.06620179 1.47463e-08
1768095647.096 71.424 0.06628373 1.02591e-07
1768095647.106 71.488 0.06634332 7.60886e-08
1768095647.116 71.552 0.06641595 1.27888e-07
1768095647.126 71.615 0.06646809 1.04973e-07
1768095647.136 71.679 0.06654165 7.55727e-08
1768095647.146 71.743 0.06660590 1.62880e-07
1768095647.156 71.807 0.06667201 1.32524e-07
1768095647.166 71.870 0.06674929 2.03606e-07
1768095647.198 71.934 0.06699791 3.17231e-07
1768095647.208 71.997 0.06704726 9.81488e-07
1768095647.215 72.061 0.06704726 1.07423e-06
1768095647.225 72.124 0.06709754 1.11531e-06
1768095647.235 72.188 0.06718413 1.06385e-06
1768095647.245 72.251 0.06722790 1.05562e-06
1768095647.255 72.314 0.06726421 9.27916e-07
1768095647.265 72.377 0.06732194 7.17740e-07
1768095647.275 72.440 0.06735546 4.64726e-07
1768095647.285 72.504 0.06742902 2.31400e-07
1768095647.295 72.567 0.06747279 2.34859e-07
1768095647.305 72.630 0.06753331 1.58497e-07
1768095647.315 72.692 0.06760408 1.96697e-07
1768095647.325 72.755 0.06763666 3.55277e-07
1768095647.335 72.818 0.06770091 5.09354e-07
1768095647.345 72.881 0.06773723 1.30903e-06
1768095647.355 72.944 0.06778658 2.61257e-06
1768095647.365 73.006 0.06784710 3.55724e-06
1768095647.375 73.069 0.06788062 5.26843e-06
1768095647.385 73.131 0.06791973 7.78475e-06
1768095647.395 73.194 0.06795698 1.14630e-05
1768095647.405 73.256 0.06801285 1.54233e-05
1768095647.415 73.319 0.06807802 2.35073e-05
1768095647.425 73.381 0.06811993 2.98047e-05
1768095647.435 73.443 0.06817859 4.22302e-05
1768095647.445 73.505 0.06821955 6.08329e-05
1768095647.455 73.568 0.06828008 8.31875e-05
1768095647.465 73.630 0.06834992 1.11873e-04
1768095647.475 73.692 0.06838250 1.31051e-04
1768095647.485 73.754 0.06845793 1.43064e-04
1768095647.495 73.816 0.06849890 1.39574e-04
1768095647.505 73.878 0.06855942 1.29651e-04
1768095647.515 73.940 0.06862274 1.14954e-04
1768095647.525 74.001 0.06867954 8.92004e-05
1768095647.535 74.063 0.06875030 5.60161e-05
1768095647.545 74.125 0.06880152 2.49232e-05
1768095647.555 74.186 0.06888066 1.02718e-05
1768095647.565 74.248 0.06895608 7.30059e-06
1768095647.575 74.310 0.06899799 4.88878e-06
1768095647.585 74.371 0.06906782 3.28784e-06
1768095647.595 74.432 0.06912369 2.28745e-06
1768095647.605 74.494 0.06917676 1.38890e-06
1768095647.615 74.555 0.06925405 1.12253e-06
1768095647.625 74.617 0.06930712 6.79138e-07
1768095647.635 74.678 0.06937696 4.02185e-07
1768095647.645 74.739 0.06943189 4.92727e-07
1768095647.655 74.800 0.06949614 5.36819e-07
1768095647.665 74.861 0.06957343 7.91186e-07
1768095647.675 74.922 0.06961253 8.18788e-07
1768095647.685 74.983 0.06967492 8.45929e-07
1768095647.695 75.044 0.06973544 1.06894e-06
1768095647.705 75.105 0.06979410 1.05531e-06
1768095647.735 75.166 0.06996543 1.11956e-06
1768095647.745 75.227 0.07006599 6.45778e-07
1768095647.756 75.287 0.07006599 5.46391e-07
1768095647.766 75.348 0.07014142 3.55855e-07
1768095647.776 75.409 0.07018890 2.29507e-07
1768095647.786 75.469 0.07026246 1.18961e-07
1768095647.796 75.530 0.07029971 1.75002e-07
1768095647.806 75.590 0.07034627 1.48990e-07
1768095647.816 75.651 0.07040027 1.99171e-07
1768095647.825 75.711 0.07045614 3.66531e-07
1768095647.836 75.772 0.07053156 3.54811e-07
1768095647.846 75.832 0.07056788 5.74636e-07
1768095647.856 75.892 0.07061536 7.42591e-07
1768095647.866 75.952 0.07067961 9.38403e-07
1768095647.875 76.013 0.07069451 1.14987e-06
1768095647.885 76.073 0.07075783 1.09832e-06
1768095647.896 76.133 0.07081835 1.07088e-06
1768095647.906 76.193 0.07086491 9.71461e-07
1768095647.916 76.253 0.07091147 9.04693e-07
1768095647.926 76.313 0.07094312 7.72797e-07
1768095647.936 76.373 0.07099992 4.70478e-07
1768095647.946 76.432 0.07105300 3.32611e-07
1768095647.955 76.492 0.07108838 1.35756e-07
1768095647.965 76.552 0.07113866 1.25615e-07
1768095647.975 76.612 0.07117125 9.20820e-08
1768095647.985 76.671 0.07124109 6.79688e-08
1768095647.995 76.731 0.07129043 1.59518e-07
1768095648.005 76.790 0.07134537 1.27456e-07
1768095648.015 76.850 0.07139286 1.84407e-07
1768095648.025 76.909 0.07144687 1.86360e-07
1768095648.035 76.969 0.07149901 2.25107e-07
1768095648.046 77.028 0.07154557 3.25999e-07
1768095648.055 77.087 0.07159212 3.21461e-07
1768095648.065 77.147 0.07167406 4.80771e-07
1768095648.075 77.206 0.07171410 6.16007e-07
1768095648.085 77.265 0.07177928 8.08204e-07
1768095648.095 77.324 0.07183701 1.35626e-06
1768095648.105 77.383 0.07190964 1.68698e-06
1768095648.115 77.442 0.07197482 1.90646e-06
1768095648.125 77.501 0.07201114 2.16780e-06
1768095648.135 77.560 0.07209308 2.04206e-06
1768095648.145 77.619 0.07214708 2.00612e-06
1768095648.155 77.678 0.07220761 1.59460e-06
1768095648.165 77.737 0.07226999 1.32436e-06
1768095648.175 77.796 0.07231934 8.70002e-07
1768095648.185 77.855 0.07238172 4.46647e-07
1768095648.195 77.913 0.07242922 3.97175e-07
1768095648.205 77.972 0.07250370 3.65379e-07
1768095648.215 78.031 0.07256330 4.36891e-07
1768095648.225 78.089 0.07260799 4.53845e-07
1768095648.235 78.148 0.07268062 4.27576e-07
1768095648.245 78.206 0.07272438 5.29474e-07
1768095648.291 78.265 0.07299348 7.28007e-07
1768095648.302 78.323 0.07307542 1.02832e-06
1768095648.322 78.381 0.07315084 1.91545e-06
1768095648.331 78.440 0.07322533 2.36185e-06
1768095648.338 78.498 0.07326444 2.55175e-06
1768095648.345 78.556 0.07326444 2.99186e-06
1768095648.355 78.614 0.07332590 2.85623e-06
1768095648.365 78.672 0.07338456 2.75814e-06
1768095648.375 78.730 0.07341529 2.60646e-06
1768095648.385 78.788 0.07346929 2.51062e-06
1768095648.395 78.846 0.07351864 2.44673e-06
1768095648.405 78.904 0.07355589 2.04321e-06
1768095648.415 78.962 0.07359965 1.94794e-06
1768095648.425 79.020 0.07364155 1.88345e-06
1768095648.435 79.078 0.07369276 1.98335e-06
1768095648.445 79.136 0.07374305 2.86078e-06
1768095648.455 79.194 0.07376912 3.27486e-06
1768095648.465 79.251 0.07379239 4.08387e-06
1768095648.475 79.309 0.07381381 4.37766e-06
1768095648.485 79.367 0.07386502 4.45197e-06
1768095648.495 79.424 0.07390041 4.49584e-06
1768095648.505 79.482 0.07392834 4.30203e-06
1768095648.515 79.539 0.07397769 4.20125e-06
1768095648.525 79.597 0.07400004 3.89999e-06
1768095648.535 79.654 0.07406801 3.53332e-06
1768095648.545 79.711 0.07411457 3.13298e-06
1768095648.555 79.769 0.07415088 2.44537e-06
1768095648.565 79.826 0.07420116 1.64586e-06
1768095648.575 79.883 0.07423282 1.17095e-06
1768095648.585 79.940 0.07430731 9.31957e-07
1768095648.595 79.998 0.07435107 1.08695e-06
1768095648.605 80.055 0.07439111 1.14901e-06
1768095648.615 80.112 0.07447119 1.57071e-06
1768095648.625 80.169 0.07451681 1.91304e-06
1768095648.635 80.226 0.07455872 2.71685e-06
1768095648.645 80.283 0.07460341 3.00684e-06
1768095648.655 80.340 0.07468256 3.25767e-06
1768095648.665 80.397 0.07475798 3.18437e-06
1768095648.675 80.454 0.07481571 3.13033e-06
1768095648.685 80.510 0.07488741 2.69911e-06
1768095648.695 80.567 0.07493583 2.31781e-06
1768095648.705 80.624 0.07499076 1.43464e-06
1768095648.715 80.680 0.07505687 9.14796e-07
1768095648.725 80.737 0.07511554 3.26376e-07
1768095648.735 80.794 0.07519561 1.11484e-07
1768095648.745 80.850 0.07523845 1.41379e-07
1768095648.755 80.907 0.07529152 7.61754e-08
1768095648.765 80.963 0.07535577 1.29530e-07
1768095648.775 81.020 0.07539674 9.64890e-08
1768095648.785 81.076 0.07546564 7.53805e-08
1768095648.795 81.132 0.07552431 1.64510e-07
1768095648.849 81.189 0.07584462 4.01816e-07
1768095648.855 81.245 0.07590141 5.85000e-07
1768095648.865 81.301 0.07590141 6.69339e-07
1768095648.875 81.358 0.07594052 9.67082e-07
1768095648.885 81.414 0.07598894 1.24799e-06
1768095648.895 81.470 0.07604667 1.90791e-06
1768095648.905 81.526 0.07614258 2.30652e-06
1768095648.915 81.582 0.07614258 2.25207e-06
1768095648.925 81.638 0.07618541 2.41621e-06
1768095648.935 81.694 0.07623848 2.31838e-06
1768095648.945 81.750 0.07627480 2.36001e-06
1768095648.955 81.806 0.07631856 2.16918e-06
1768095648.965 81.862 0.07636512 2.03576e-06
1768095648.974 81.918 0.07638188 1.70657e-06
1768095648.984 81.973 0.07643775 1.16089e-06
1768095648.994 82.029 0.07646289 1.01691e-06
1768095649.004 82.085 0.07649454 5.88744e-07
1768095649.014 82.140 0.07652062 4.46305e-07
1768095649.024 82.196 0.07656252 3.06250e-07
1768095649.034 82.252 0.07661373 2.24174e-07
1768095649.044 82.307 0.07664632 2.67981e-07
1768095649.054 82.363 0.07668263 1.64974e-07
1768095649.064 82.418 0.07672640 1.86496e-07
1768095649.074 82.474 0.07674223 1.11855e-07
1768095649.084 82.529 0.07679065 5.61748e-08
1768095649.094 82.584 0.07681299 1.21410e-07
1768095649.104 82.640 0.07685676 7.06980e-08
1768095649.114 82.695 0.07692007 1.13305e-07
1768095649.124 82.750 0.07695639 8.26436e-08
1768095649.134 82.806 0.07703181 7.21844e-08
1768095649.144 82.861 0.07707185 1.63020e-07
1768095649.154 82.916 0.07711096 1.18666e-07
1768095649.164 82.971 0.07717241 1.78560e-07
1768095649.174 83.026 0.07720500 1.70792e-07
1768095649.184 83.081 0.07727111 2.09339e-07
1768095649.194 83.136 0.07733257 3.13176e-07
1768095649.204 83.191 0.07740427 3.28355e-07
1768095649.214 83.246 0.07747503 5.00454e-07
1768095649.224 83.301 0.07752159 6.37971e-07
1768095649.234 83.356 0.07757373 8.00422e-07
1768095649.244 83.411 0.07763426 1.18507e-06
1768095649.254 83.465 0.07770129 1.32036e-06
1768095649.264 83.520 0.07775530 1.53485e-06
1768095649.274 83.575 0.07779068 1.39392e-06
1768095649.284 83.630 0.07785959 1.26810e-06
1768095649.294 83.684 0.07791918 1.25752e-06
1768095649.304 83.739 0.07797319 1.09315e-06
1768095649.314 83.793 0.07803558 1.03599e-06
1768095649.324 83.848 0.07809051 8.83965e-07
1768095649.334 83.902 0.07815755 9.99959e-07
1768095649.344 83.957 0.07820318 1.52000e-06
1768095649.354 84.011 0.07825346 2.04069e-06
1768095649.405 84.066 0.07855980 1.28192e-05
1768095649.415 84.120 0.07855980 1.53919e-05
1768095649.425 84.174 0.07858215 2.08461e-05
1768095649.434 84.229 0.07865105 3.15634e-05
1768095649.445 84.283 0.07870227 4.07984e-05
1768095649.454 84.337 0.07876000 5.23501e-05
1768095649.464 84.391 0.07881027 6.85370e-05
1768095649.474 84.446 0.07885777 8.55969e-05
1768095649.484 84.500 0.07890898 1.03004e-04
1768095649.494 84.554 0.07894064 1.16846e-04
1768095649.504 84.608 0.07897229 1.23220e-04
1768095649.514 84.662 0.07903654 1.26510e-04
1768095649.524 84.716 0.07904120 1.20798e-04
1768095649.534 84.770 0.07907658 1.16241e-04
1768095649.544 84.824 0.07912314 1.05923e-04
1768095649.554 84.878 0.07915666 9.42784e-05
1768095649.564 84.931 0.07919670 8.35316e-05
1768095649.574 84.985 0.07922184 6.72941e-05
1768095649.584 85.039 0.07926747 5.11764e-05
1768095649.594 85.093 0.07930005 3.67862e-05
1768095649.604 85.146 0.07933544 2.49116e-05
1768095649.614 85.200 0.07938013 1.51830e-05
1768095649.624 85.254 0.07940062 1.09805e-05
1768095649.634 85.307 0.07945090 8.03944e-06
1768095649.644 85.361 0.07949280 6.37575e-06
1768095649.654 85.414 0.07953377 5.01685e-06
1768095649.664 85.468 0.07958498 4.54050e-06
1768095649.674 85.521 0.07959709 3.81686e-06
1768095649.684 85.575 0.07965668 3.31118e-06
1768095649.694 85.628 0.07969486 2.90764e-06
1768095649.704 85.682 0.07974327 2.42534e-06
1768095649.714 85.735 0.07980379 2.06549e-06
1768095649.724 85.788 0.07984104 1.74225e-06
1768095649.734 85.842 0.07989691 1.41918e-06
1768095649.744 85.895 0.07995557 1.29685e-06
1768095649.754 85.948 0.08002540 1.02454e-06
1768095649.764 86.001 0.08008314 8.85115e-07
1768095649.774 86.054 0.08012877 7.31335e-07
1768095649.784 86.107 0.08018742 5.36586e-07
1768095649.794 86.160 0.08023584 5.46879e-07
1768095649.804 86.214 0.08029823 3.98366e-07
1768095649.814 86.267 0.08035876 3.69605e-07
1768095649.824 86.319 0.08039041 2.67908e-07
1768095649.834 86.372 0.08046118 1.77946e-07
1768095649.844 86.425 0.08051891 2.25671e-07
1768095649.854 86.478 0.08058595 1.32331e-07
1768095649.864 86.531 0.08064554 1.60065e-07
1768095649.874 86.584 0.08068372 1.16367e-07
1768095649.884 86.637 0.08074797 9.03519e-08
1768095649.894 86.689 0.08077404 1.65722e-07
1768095649.904 86.742 0.08082525 1.25751e-07
1768095649.935 86.795 0.08104314 1.89107e-07
1768095649.961 86.847 0.08115301 4.13204e-07
1768095649.968 86.900 0.08117629 3.94685e-07
1768095649.974 86.953 0.08123402 4.55898e-07
1768095649.984 87.005 0.08123402 3.82260e-07
1768095649.994 87.058 0.08128896 4.46337e-07
1768095650.004 87.110 0.08133737 3.67667e-07
1768095650.014 87.163 0.08137369 3.84152e-07
1768095650.024 87.215 0.08141093 3.04799e-07
1768095650.034 87.268 0.08147146 1.87088e-07
1768095650.044 87.320 0.08150591 1.96573e-07
1768095650.055 87.372 0.08158227 1.41788e-07
1768095650.064 87.425 0.08158227 1.21618e-07
1768095650.074 87.477 0.08162137 7.09393e-08
1768095650.084 87.529 0.08166513 1.99630e-08
1768095650.094 87.581 0.08169586 7.63781e-08
1768095650.143 87.633 0.08187557 7.31070e-08
1768095650.193 87.686 0.08207763 7.46617e-08
1768095650.243 87.738 0.08227223 5.87879e-08
1768095650.311 87.790 0.08252643 8.26049e-08
1768095650.317 87.842 0.08252736 3.73581e-08
1768095650.347 87.894 0.08259627 8.11065e-08
1768095650.354 87.946 0.08259627 5.89187e-08
1768095650.364 87.998 0.08260744 1.05846e-07
1768095650.374 88.050 0.08259720 7.68796e-08
1768095650.384 88.102 0.08262886 6.11659e-08
1768095650.394 88.154 0.08262700 1.39063e-07
1768095650.404 88.205 0.08263444 8.91875e-08
1768095650.414 88.257 0.08265214 1.46700e-07
1768095650.424 88.309 0.08264469 1.11761e-07
1768095650.434 88.361 0.08265679 9.09238e-08
1768095650.444 88.412 0.08265679 1.79720e-07
1768095650.454 88.464 0.08264841 1.26005e-07
1768095650.490 88.516 0.08269404 1.84374e-07
1768095650.498 88.567 0.08271080 1.49278e-07
1768095650.508 88.619 0.08274059 2.14703e-07
1768095650.517 88.671 0.08274339 1.76696e-07
1768095650.525 88.722 0.08278808 2.36973e-07
1768095650.534 88.774 0.08278808 2.00821e-07
1768095650.544 88.825 0.08283091 2.57231e-07
1768095650.554 88.877 0.08288306 2.12429e-07
1768095650.564 88.928 0.08292868 2.68969e-07
1768095650.574 88.979 0.08295755 2.33598e-07
1768095650.584 89.031 0.08300597 2.08041e-07
1768095650.594 89.082 0.08305718 2.97560e-07
1768095650.604 89.133 0.08310280 2.41834e-07
1768095650.614 89.185 0.08316612 2.94866e-07
1768095650.624 89.236 0.08320709 2.51361e-07
1768095650.634 89.287 0.08325365 2.22852e-07
1768095650.644 89.338 0.08329462 3.15354e-07
1768095650.654 89.390 0.08334211 2.81617e-07
1768095650.664 89.441 0.08340263 3.54368e-07
1768095650.674 89.492 0.08343522 3.48110e-07
1768095650.684 89.543 0.08350226 3.70976e-07
1768095650.694 89.594 0.08355162 5.23656e-07
1768095650.704 89.645 0.08360283 5.62059e-07
1768095650.714 89.696 0.08364472 6.81944e-07
1768095650.724 89.747 0.08368663 6.82731e-07
1768095650.734 89.798 0.08375180 6.96170e-07
1768095650.744 89.849 0.08377136 7.74549e-07
1768095650.754 89.899 0.08380954 7.17363e-07
1768095650.764 89.950 0.08388962 7.30198e-07
1768095650.773 90.001 0.08391569 6.35814e-07
1768095650.783 90.052 0.08396504 5.37645e-07
1768095650.793 90.103 0.08402463 5.38367e-07
1768095650.803 90.153 0.08406746 3.88476e-07
1768095650.813 90.204 0.08412612 3.40900e-07
1768095650.823 90.255 0.08416523 2.12715e-07
1768095650.833 90.305 0.08421644 1.27733e-07
1768095650.843 90.356 0.08425369 1.64931e-07
1768095650.853 90.407 0.08430211 8.01437e-08
1768095650.863 90.457 0.08435891 1.02727e-07
1768095650.873 90.508 0.08439429 5.50165e-08
1768095650.883 90.558 0.08443619 3.66078e-08
1768095650.893 90.609 0.08449485 1.01235e-07
1768095650.903 90.659 0.08454514 4.24966e-08
1768095650.913 90.709 0.08458610 8.47897e-08
1768095650.923 90.760 0.08463173 4.25114e-08
1768095650.933 90.810 0.08469318 3.60500e-08
1768095650.943 90.860 0.08472950 1.12820e-07
1768095650.953 90.911 0.08476861 6.15191e-08
1768095650.963 90.961 0.08481982 1.15620e-07
1768095650.973 91.011 0.08487196 8.78325e-08
1768095650.983 91.062 0.08492224 8.73303e-08
1768095650.993 91.112 0.08495762 1.81009e-07
1768095651.023 91.162 0.08510847 1.33722e-07
1768095651.033 91.212 0.08517830 1.52026e-07
1768095651.042 91.262 0.08520252 2.00868e-07
1768095651.051 91.312 0.08524162 1.37804e-07
1768095651.057 91.362 0.08528911 1.84039e-07
1768095651.063 91.412 0.08528911 1.32732e-07
1768095651.073 91.462 0.08533846 1.37351e-07
1768095651.083 91.512 0.08541388 1.11595e-07
1768095651.093 91.562 0.08545113 1.61760e-07
1768095651.103 91.612 0.08549210 8.85050e-08
1768095651.113 91.662 0.08553493 1.11301e-07
1768095651.123 91.712 0.08556938 5.66367e-08
1768095651.133 91.762 0.08564387 4.30597e-08
1768095651.143 91.811 0.08566529 1.03855e-07
1768095651.190 91.861 0.08588411 6.30283e-08
1768095651.196 91.911 0.08593625 -2.32200e-10
1768095651.244 91.961 0.08612341 5.53068e-08
1768095651.295 92.010 0.08633571 5.26072e-08
1768095651.344 92.060 0.08649958 5.26499e-08
1768095651.395 92.110 0.08660015 4.88324e-08
1768095651.445 92.159 0.08664019 5.10503e-08
1768095651.453 92.209 0.08664019 1.92659e-08
1768095651.463 92.258 0.08665602 6.18086e-08
1768095651.473 92.308 0.08664019 2.76890e-08
1768095651.483 92.358 0.08666998 1.48722e-08
1768095651.493 92.407 0.08667091 8.35756e-08
1768095651.567 92.456 0.08671002 4.01059e-08
1768095651.574 92.506 0.08673330 7.56504e-08
1768095651.583 92.555 0.08673330 1.30901e-08
1768095651.593 92.605 0.08675006 9.35009e-08
1768095651.645 92.654 0.08688042 7.91620e-08
1768095651.654 92.703 0.08690370 8.24781e-08
1768095651.663 92.753 0.08690370 9.86921e-08
1768095651.673 92.802 0.08692884 7.19631e-08
1768095651.683 92.851 0.08697540 7.23058e-08
1768095651.693 92.900 0.08698471 1.33216e-07
1768095651.703 92.950 0.08700612 7.93220e-08
1768095651.713 92.999 0.08702847 1.23019e-07
1768095651.723 93.048 0.08705826 8.94570e-08
1768095651.733 93.097 0.08710575 9.33484e-08
1768095651.743 93.146 0.08711413 1.49683e-07
1768095651.753 93.195 0.08714951 8.89073e-08
1768095651.763 93.244 0.08718303 1.36615e-07
1768095651.773 93.293 0.08720073 1.04604e-07
1768095651.783 93.342 0.08723890 9.07295e-08
1768095651.793 93.391 0.08725753 1.52491e-07
1768095651.803 93.440 0.08728080 8.44718e-08
1768095651.813 93.489 0.08731991 1.28696e-07
1768095651.823 93.538 0.08733202 9.06797e-08
1768095651.833 93.587 0.08736926 8.13459e-08
1768095651.843 93.636 0.08738975 1.32873e-07
1768095651.853 93.684 0.08742141 7.22091e-08
1768095651.863 93.733 0.08745400 1.08485e-07
1768095651.873 93.782 0.08748100 6.46722e-08
1768095651.883 93.831 0.08753035 4.68691e-08
1768095651.893 93.879 0.08756201 1.00802e-07
1768095651.941 93.928 0.08779293 5.81919e-08
1768095651.948 93.977 0.08783855 -3.90230e-09
1768095651.996 94.025 0.08808810 2.92030e-08
1768095652.003 94.074 0.08808810 2.84754e-08
1768095652.013 94.123 0.08814769 7.28848e-08
1768095652.023 94.171 0.08817749 4.23988e-08
1768095652.033 94.220 0.08823894 1.21192e-08
1768095652.043 94.268 0.08826781 9.06317e-08
1768095652.108 94.317 0.08852294 8.88390e-08
1768095652.117 94.365 0.08852667 4.43490e-08
1768095652.123 94.414 0.08856484 8.93031e-08
1768095652.133 94.462 0.08856484 3.34827e-08
1768095652.143 94.510 0.08857415 1.04521e-07
1768095652.153 94.559 0.08860301 4.19636e-08
1768095652.163 94.607 0.08861977 9.72851e-08
1768095652.173 94.655 0.08861884 5.80870e-08
1768095652.183 94.704 0.08865237 6.19235e-08
1768095652.193 94.752 0.08867192 1.08135e-07
1768095652.203 94.800 0.08869054 4.86641e-08
1768095652.213 94.848 0.08871475 9.71672e-08
1768095652.223 94.896 0.08872685 5.16782e-08
1768095652.233 94.945 0.08875200 6.27069e-08
1768095652.243 94.993 0.08875852 1.02050e-07
1768095652.253 95.041 0.08878552 4.83538e-08
1768095652.263 95.089 0.08880507 9.35154e-08
1768095652.273 95.137 0.08881624 5.38955e-08
1768095652.283 95.185 0.08885163 5.68472e-08
1768095652.293 95.233 0.08888422 9.96167e-08
1768095652.303 95.281 0.08890563 4.44705e-08
1768095652.313 95.329 0.08894008 8.62812e-08
1768095652.323 95.377 0.08897268 3.87460e-08
1768095652.333 95.425 0.08902203 4.70075e-08
1768095652.343 95.473 0.08905182 9.17193e-08
1768095652.390 95.521 0.08927622 8.78120e-08
1768095652.395 95.569 0.08933489 3.95117e-08
1768095652.403 95.616 0.08933489 4.74114e-08
1768095652.413 95.664 0.08938237 9.82883e-08
1768095652.423 95.712 0.08944290 7.31474e-08
1768095652.433 95.760 0.08950063 1.00696e-07
1768095652.443 95.807 0.08952670 1.65060e-07
1768095652.453 95.855 0.08958071 1.29826e-07
1768095652.463 95.903 0.08963471 1.95361e-07
1768095652.473 95.950 0.08966172 1.96471e-07
1768095652.483 95.998 0.08973435 2.47795e-07
1768095652.493 96.046 0.08975949 3.61938e-07
1768095652.503 96.093 0.08981442 4.01317e-07
1768095652.513 96.141 0.08986843 5.63962e-07
1768095652.523 96.188 0.08990567 6.91528e-07
1768095652.533 96.236 0.08994571 9.15800e-07
1768095652.543 96.283 0.08997551 1.23834e-06
1768095652.552 96.331 0.09000996 1.48188e-06
1768095652.562 96.378 0.09006211 1.87580e-06
1768095652.572 96.426 0.09009935 2.43728e-06
1768095652.582 96.473 0.09013846 2.66623e-06
1768095652.592 96.520 0.09015056 3.23660e-06
1768095652.602 96.568 0.09018595 3.81984e-06
1768095652.612 96.615 0.09023902 4.43670e-06
1768095652.662 96.662 0.09041594 6.12751e-06
1768095652.668 96.710 0.09044201 6.69393e-06
1768095652.673 96.757 0.09049229 6.71143e-06
1768095652.682 96.804 0.09049229 6.59518e-06
1768095652.692 96.851 0.09052115 6.60624e-06
1768095652.702 96.899 0.09056492 6.33908e-06
1768095652.712 96.946 0.09060588 6.09327e-06
1768095652.722 96.993 0.09065244 5.55629e-06
1768095652.732 97.040 0.09069714 5.05112e-06
1768095652.742 97.087 0.09073159 4.41452e-06
1768095652.752 97.134 0.09077163 3.57849e-06
1768095652.762 97.181 0.09081725 2.96272e-06
1768095652.772 97.228 0.09085264 2.25834e-06
1768095652.782 97.275 0.09090012 1.56248e-06
1768095652.792 97.322 0.09091595 1.32642e-06
1768095652.802 97.369 0.09096158 9.24633e-07
1768095652.812 97.416 0.09100441 7.25194e-07
1768095652.822 97.463 0.09105097 5.03985e-07
1768095652.832 97.510 0.09110684 3.97023e-07
1768095652.842 97.557 0.09113104 3.96614e-07
1768095652.852 97.604 0.09115433 2.77964e-07
1768095652.862 97.651 0.09118971 2.82029e-07
1768095652.872 97.697 0.09122788 2.22494e-07
1768095652.882 97.744 0.09127724 1.93180e-07
1768095652.892 97.791 0.09131541 2.42543e-07
1768095652.902 97.838 0.09136103 1.59699e-07
1768095652.912 97.884 0.09139177 1.85568e-07
1768095652.922 97.931 0.09142808 1.25925e-07
1768095652.932 97.978 0.09146346 1.34281e-07
1768095652.942 98.024 0.09150536 1.62410e-07
1768095652.952 98.071 0.09153981 8.57272e-08
1768095652.962 98.118 0.09157892 1.18067e-07
1768095652.972 98.164 0.09161989 7.28451e-08
1768095652.982 98.211 0.09167110 7.81831e-08
1768095652.992 98.257 0.09171114 1.13372e-07
1768095653.002 98.304 0.09175398 3.83580e-08
1768095653.012 98.350 0.09181263 7.73443e-08
1768095653.022 98.397 0.09185361 3.29148e-08
1768095653.032 98.443 0.09191506 4.74805e-08
1768095653.042 98.490 0.09194113 8.98623e-08
1768095653.090 98.536 0.09218788 7.91256e-08
1768095653.097 98.582 0.09224561 1.22136e-08
1768095653.103 98.629 0.09227541 5.71166e-08
1768095653.112 98.675 0.09227541 7.71395e-08
1768095653.122 98.721 0.09231359 3.10091e-08
1768095653.132 98.768 0.09238063 4.49746e-08
1768095653.142 98.814 0.09241601 8.79596e-08
1768095653.231 98.860 0.09276426 -7.23403e-09
1768095653.236 98.906 0.09279777 -1.12176e-08
1768095653.242 98.953 0.09279777 3.95859e-09
1768095653.252 98.999 0.09282199 -1.44175e-08
1768095653.262 99.045 0.09285178 -3.85461e-09
1768095653.276 99.091 0.09292907 6.52810e-09
1768095653.282 99.137 0.09292907 -3.94135e-08
1768095653.292 99.183 0.09293838 2.22940e-09
1768095653.302 99.229 0.09295793 -4.36758e-08
1768095653.367 99.276 0.09308922 -3.76790e-08
1768095653.418 99.322 0.09318792 -4.32951e-08
1768095653.461 99.368 0.09328011 -1.20177e-08
1768095653.475 99.414 0.09335087 5.96250e-09
1768095653.482 99.460 0.09335087 -3.90965e-08
1768095653.492 99.505 0.09337229 1.90061e-08
1768095653.502 99.551 0.09339091 -4.14020e-08
1768095653.544 99.597 0.09347005 -1.85529e-09
1768095653.559 99.643 0.09350451 8.52550e-09
1768095653.564 99.689 0.09352592 -3.75319e-08
1768095653.572 99.735 0.09352592 1.77155e-08
1768095653.613 99.781 0.09358366 -3.33561e-09
1768095653.622 99.827 0.09358366 -9.93696e-09
1768095653.632 99.872 0.09361624 5.64829e-09
1768095653.642 99.918 0.09360507 5.07049e-09
1768095653.652 99.964 0.09363114 -2.09895e-09
1768095653.662 100.010 0.09366373 1.46100e-08
1768095653.672 100.055 0.09367118 -1.09600e-11
1768095653.686 100.101 0.09370657 1.43930e-09
1768095653.692 100.147 0.09370657 4.13246e-08
1768095653.702 100.192 0.09372891 -1.07022e-08
1768095653.712 100.238 0.09375219 3.99758e-08
1768095653.770 100.283 0.09391607 5.80873e-08
1768095653.776 100.329 0.09395890 5.90233e-08
1768095653.823 100.375 0.09412837 5.07946e-08
1768095653.832 100.420 0.09412837 -6.28290e-09
1768095653.842 100.466 0.09416096 7.20358e-08
1768095653.891 100.511 0.09432763 5.09036e-08
1768095653.941 100.557 0.09445706 5.25901e-08
1768095653.991 100.602 0.09454272 5.67368e-08
1768095654.059 100.647 0.09465353 7.31728e-08
1768095654.109 100.693 0.09467215 7.53097e-08
1768095654.159 100.738 0.09473081 8.39320e-08
1768095654.165 100.784 0.09471219 3.81021e-08
1768095654.172 100.829 0.09471219 1.03884e-07
1768095654.182 100.874 0.09473360 6.40515e-08
1768095654.192 100.920 0.09473174 9.72027e-08
1768095654.239 100.965 0.09479506 1.01026e-07
1768095654.246 101.010 0.09480251 2.13676e-08
1768095654.252 101.055 0.09480251 4.29878e-08
1768095654.262 101.101 0.09481741 7.88622e-08
1768095654.272 101.146 0.09481741 5.01255e-08
1768095654.323 101.191 0.09491611 4.74441e-08
1768095654.332 101.236 0.09491611 2.80916e-08
1768095654.342 101.281 0.09491983 1.11524e-07
1768095654.352 101.326 0.09495615 5.87344e-08
1768095654.362 101.372 0.09496639 1.03795e-07
1768095654.371 101.417 0.09498315 7.33210e-08
1768095654.381 101.462 0.09502784 9.96956e-08
1768095654.391 101.507 0.09506136 1.37085e-07
1768095654.401 101.552 0.09509395 7.26522e-08
1768095654.411 101.597 0.09511071 1.26875e-07
1768095654.421 101.642 0.09512002 1.09113e-07
1768095654.431 101.687 0.09515727 1.45090e-07
1768095654.441 101.732 0.09517589 1.91336e-07
1768095654.451 101.777 0.09521686 1.73007e-07
1768095654.461 101.822 0.09525877 2.65719e-07
1768095654.471 101.866 0.09528111 2.34824e-07
1768095654.481 101.911 0.09532208 2.93345e-07
1768095654.491 101.956 0.09532022 3.81462e-07
1768095654.501 102.001 0.09534816 3.75164e-07
1768095654.511 102.046 0.09539285 4.46641e-07
1768095654.521 102.091 0.09541054 5.33917e-07
1768095654.531 102.135 0.09545802 6.09755e-07
1768095654.541 102.180 0.09548503 7.43399e-07
1768095654.551 102.225 0.09552507 8.21713e-07
1768095654.561 102.270 0.09556790 1.03764e-06
1768095654.571 102.314 0.09559397 1.20227e-06
1768095654.581 102.359 0.09565170 1.45507e-06
1768095654.591 102.404 0.09567592 1.76773e-06
1768095654.601 102.448 0.09572340 2.04721e-06
1768095654.611 102.493 0.09576344 2.68818e-06
1768095654.621 102.537 0.09580441 3.08623e-06
1768095654.631 102.582 0.09585097 3.98075e-06
1768095654.641 102.627 0.09586773 5.31659e-06
1768095654.651 102.671 0.09592173 7.20162e-06
1768095654.661 102.716 0.09596829 9.87024e-06
1768095654.671 102.760 0.09601950 1.33420e-05
1768095654.681 102.805 0.09606326 1.86177e-05
1768095654.691 102.849 0.09610703 2.60380e-05
1768095654.701 102.893 0.09614986 3.00129e-05
1768095654.711 102.938 0.09618897 3.84800e-05
1768095654.721 102.982 0.09623460 4.77298e-05
1768095654.731 103.027 0.09630536 5.98469e-05
1768095654.741 103.071 0.09632584 7.30480e-05
1768095654.751 103.115 0.09637054 8.47254e-05
1768095654.761 103.160 0.09642268 9.96013e-05
1768095654.771 103.204 0.09646831 1.12288e-04
1768095654.781 103.248 0.09651673 1.26648e-04
1768095654.791 103.293 0.09654745 1.38769e-04
1768095654.801 103.337 0.09660612 1.48670e-04
1768095654.811 103.381 0.09663964 1.56023e-04
1768095654.821 103.425 0.09666850 1.59955e-04
1768095654.831 103.469 0.09671785 1.61300e-04
1768095654.877 103.514 0.09692177 1.42061e-04
1768095654.884 103.558 0.09695901 1.07971e-04
1768095654.891 103.602 0.09695901 1.02273e-04
1768095654.901 103.646 0.09701302 8.78024e-05
1768095654.911 103.690 0.09706237 7.42618e-05
1768095654.921 103.734 0.09708751 5.97117e-05
1768095654.931 103.778 0.09712197 4.63592e-05
1768095654.941 103.822 0.09714804 3.55556e-05
1768095654.951 103.866 0.09718062 2.64535e-05
1768095654.961 103.910 0.09721508 1.87628e-05
1768095654.971 103.954 0.09726629 1.20984e-05
1768095654.981 103.998 0.09731098 8.56743e-06
1768095654.991 104.042 0.09733240 6.20782e-06
1768095655.001 104.086 0.09736499 4.46667e-06
1768095655.011 104.130 0.09740596 3.73855e-06
1768095655.021 104.174 0.09744135 2.96083e-06
1768095655.031 104.218 0.09747021 2.73779e-06
1768095655.041 104.262 0.09749256 2.53025e-06
1768095655.051 104.305 0.09751863 2.24027e-06
1768095655.061 104.349 0.09755960 2.13992e-06
1768095655.071 104.393 0.09757915 1.81463e-06
1768095655.081 104.437 0.09762198 1.72486e-06
1768095655.091 104.481 0.09764805 1.64588e-06
1768095655.101 104.524 0.09769461 1.44320e-06
1768095655.111 104.568 0.09773279 1.32606e-06
1768095655.121 104.612 0.09774862 1.13874e-06
1768095655.131 104.655 0.09778400 1.12237e-06
1768095655.141 104.699 0.09782776 1.06843e-06
1768095655.151 104.743 0.09787153 8.55863e-07
1768095655.161 104.786 0.09792833 8.21681e-07
1768095655.171 104.830 0.09795067 6.36412e-07
1768095655.181 104.874 0.09797767 6.21623e-07
1768095655.191 104.917 0.09802423 5.85789e-07
1768095655.201 104.961 0.09808662 4.66236e-07
1768095655.211 105.004 0.09812480 4.50737e-07
1768095655.221 105.048 0.09815552 3.16497e-07
1768095655.231 105.091 0.09820766 3.02922e-07
1768095655.241 105.135 0.09824957 3.31071e-07
1768095655.251 105.178 0.09828029 2.24420e-07
1768095655.261 105.222 0.09832779 2.18094e-07
1768095655.271 105.265 0.09836968 1.56956e-07
1768095655.281 105.309 0.09843580 1.34954e-07
1768095655.291 105.352 0.09847676 1.57539e-07
1768095655.301 105.395 0.09852704 9.32872e-08
1768095655.311 105.439 0.09854753 1.36307e-07
1768095655.321 105.482 0.09858757 7.79826e-08
1768095655.331 105.525 0.09865741 1.11842e-07
1768095655.341 105.569 0.09869186 1.20123e-07
1768095655.351 105.612 0.09874214 4.03592e-08
1768095655.361 105.655 0.09879335 8.49722e-08
1768095655.408 105.699 0.09898424 9.38995e-08
1768095655.456 105.742 0.09917884 7.89700e-08
1768095655.462 105.785 0.09921981 3.77950e-09
1768095655.471 105.828 0.09921981 3.98004e-08
1768095655.481 105.871 0.09925799 6.24214e-08
1768095655.491 105.915 0.09928313 8.14069e-08
1768095655.539 105.958 0.09943677 7.33717e-08
1768095655.545 106.001 0.09946004 -5.13630e-09
1768095655.586 106.044 0.09955223 9.16183e-09
1768095655.601 106.087 0.09958947 -1.72494e-08
1768095655.611 106.130 0.09958947 2.17495e-08
1768095655.621 106.173 0.09960157 -2.33351e-08
1768095655.631 106.216 0.09962392 3.08440e-09
1768095655.641 106.259 0.09961089 2.71747e-08
1768095655.651 106.302 0.09964627 -4.73413e-08
1768095655.661 106.345 0.09966489 1.47150e-09
1768095655.671 106.388 0.09967886 -3.33350e-08
1768095655.719 106.431 0.09977756 -4.90922e-08
1768095655.725 106.474 0.09978873 -1.39311e-08
1768095655.731 106.517 0.09979339 -5.41083e-08
1768095655.741 106.560 0.09979339 -4.81000e-10
1768095655.751 106.603 0.09982318 -7.32674e-08
1768095655.799 106.646 0.09995820 -5.84990e-08
1768095655.867 106.689 0.10015839 -4.49714e-08
1768095655.910 106.732 0.10029061 -4.05574e-09
1768095655.958 106.774 0.10041631 -5.83010e-10
1768095655.965 106.817 0.10040514 -7.27141e-09
1768095655.971 106.860 0.10040514 5.31744e-09
1768095655.981 106.903 0.10042750 1.69814e-08
1768095655.991 106.946 0.10042098 2.17330e-10
1768095656.001 106.988 0.10044612 -3.69860e-10
1768095656.011 107.031 0.10045822 1.13159e-08
1768095656.021 107.074 0.10045077 -4.94712e-09
1768095656.031 107.116 0.10047871 1.72144e-08
1768095656.041 107.159 0.10047498 3.28938e-09
1768095656.051 107.202 0.10049081 1.52441e-09
1768095656.061 107.244 0.10050478 1.27009e-08
1768095656.071 107.287 0.10048988 -3.35045e-09
1768095656.084 107.330 0.10049547 -1.04835e-08
1768095656.090 107.372 0.10049547 2.01088e-08
1768095656.100 107.415 0.10051967 -2.97655e-08
1768095656.110 107.457 0.10053271 2.24170e-08
1768095656.151 107.500 0.10063514 -4.85668e-09
1768095656.161 107.542 0.10063514 1.40657e-08
1768095656.170 107.585 0.10065749 -3.62120e-09
1768095656.185 107.627 0.10070683 -9.96320e-09
1768095656.190 107.670 0.10070683 2.33770e-08
1768095656.200 107.712 0.10075432 -3.17316e-08
1768095656.210 107.755 0.10079622 2.14735e-08
1768095656.251 107.797 0.10102341 -5.18392e-09
1768095656.260 107.839 0.10102341 1.39616e-08
1768095656.270 107.882 0.10104669 -3.62670e-09
1768095656.284 107.924 0.10113050 -1.13340e-08
1768095656.290 107.967 0.10113050 2.04072e-08
1768095656.300 108.009 0.10117705 -3.11531e-08
1768095656.310 108.051 0.10122733 2.38657e-08
1768095656.352 108.093 0.10139680 1.80226e-09
1768095656.380 108.136 0.10144801 -3.41690e-09
1768095656.390 108.178 0.10144801 5.95147e-08
1768095656.401 108.220 0.10151227 7.12170e-09
1768095656.410 108.263 0.10151227 4.46299e-08
1768095656.461 108.305 0.10163331 7.01374e-08
1768095656.512 108.347 0.10175714 3.68890e-08
1768095656.520 108.389 0.10175714 6.37433e-08
1768095656.530 108.431 0.10178136 1.13563e-07
1768095656.540 108.473 0.10179161 1.30947e-07
1768095656.550 108.516 0.10182792 6.26613e-08
1768095656.605 108.558 0.10192475 1.72710e-07
1768095656.611 108.600 0.10192754 1.18349e-07
1768095656.621 108.642 0.10192754 1.20579e-07
1768095656.631 108.684 0.10194896 1.49646e-07
1768095656.640 108.726 0.10197504 1.88898e-07
1768095656.650 108.768 0.10198528 1.21345e-07
1768095656.660 108.810 0.10200856 1.83107e-07
1768095656.670 108.852 0.10200577 1.51003e-07
1768095656.680 108.894 0.10202718 1.39716e-07
1768095656.692 108.936 0.10207374 2.12332e-07
1768095656.701 108.978 0.10208584 1.83505e-07
1768095656.710 109.020 0.10208584 2.43661e-07
1768095656.720 109.062 0.10209422 1.99352e-07
1768095656.730 109.104 0.10214450 2.25994e-07
1768095656.740 109.146 0.10214450 2.96487e-07
1768095656.750 109.188 0.10216033 2.31937e-07
1768095656.760 109.229 0.10219198 2.84633e-07
1768095656.770 109.271 0.10221062 2.64839e-07
1768095656.780 109.313 0.10223203 3.12605e-07
1768095656.790 109.355 0.10224693 3.49044e-07
1768095656.800 109.397 0.10228604 2.77348e-07
1768095656.810 109.438 0.10232235 3.34655e-07
1768095656.820 109.480 0.10234190 3.06663e-07
1768095656.830 109.522 0.10239778 3.64735e-07
1768095656.840 109.564 0.10242292 3.96601e-07
1768095656.850 109.605 0.10246761 3.25314e-07
1768095656.860 109.647 0.10250206 3.72914e-07
1768095656.870 109.689 0.10253278 3.46802e-07
1768095656.880 109.730 0.10258772 3.75540e-07
1768095656.890 109.772 0.10261379 4.04262e-07
1768095656.900 109.814 0.10265849 3.12405e-07
1768095656.910 109.855 0.10271250 3.47435e-07
1768095656.920 109.897 0.10274881 2.93710e-07
1768095656.930 109.939 0.10280840 3.14367e-07
1768095656.940 109.980 0.10283819 3.11599e-07
1768095656.950 110.022 0.10288103 2.01405e-07
